//Library.txt
//	version 1.0

//This file contains PrIMe-recommended thermochemistry data as of 01-Jul-2009 16:47:18
//All data was converted from NASA-7 polynomial format (unless otherwise noted)
//All uncertainty values were assigned values of 0.0

//Name	Hf298	S298	Cp300	Cp400	Cp500	Cp600	Cp800	Cp1000	Cp1500	dH	dS	dCp	Notes

//Units
//H: kcal/mol
//S and Cp: cal/mol/K

//s00000049	-0.00074513	36.9756	4.9675	4.9675	4.9675	4.9675	4.9675	4.9675	4.9675	0.0	0.0	0.0	Neither TRange included 298K!
s00000208	171.2713	37.7801	4.9798	4.9734	4.9715	4.9711	4.9692	4.9691	4.9742	0.0	0.0	0.0	
s00002295	135.3102	50.9787	10.0485	10.5393	10.8828	11.1958	11.9369	12.6543	14.1032	0.0	0.0	0.0	
s00002305	54.5337	48.01	10.5476	12.0136	13.0765	13.8878	15.1592	16.2292	18.1726	0.0	0.0	0.0	
s00002431	-11.4012	57.7998	12.4027	14.2004	15.6747	16.8939	18.7914	20.2463	22.5514	0.0	0.0	0.0	
s00002432	18.7002	56.2443	13.9828	15.7658	17.0442	18.0315	19.6529	21.0031	23.2596	0.0	0.0	0.0	Neither TRange included 298K!
s00002447	71.6303	55.8909	10.2397	12.0282	13.7085	15.1698	17.3442	19.0697	21.8125	0.0	0.0	0.0	
s00002559	5.997	63.9953	13.1758	15.1461	16.9608	18.5959	21.3009	23.3432	26.3517	0.0	0.0	0.0	Neither TRange included 298K!
s00002577	12.5449	52.4085	10.2892	12.5808	14.8838	16.9528	20.0509	22.4865	26.3011	0.0	0.0	0.0	
s00002656	-39.718	63.073	13.265	15.7804	18.2902	20.5798	24.1643	26.911	30.9565	0.0	0.0	0.0	
s00002703	28.3551	59.0506	12.1085	14.5881	17.0748	19.349	22.9308	25.7757	30.295	0.0	0.0	0.0	
s00002784	-20.0407	54.7727	12.5989	15.5691	18.5786	21.3595	25.8037	29.3182	34.8751	0.0	0.0	0.0	
s00003017	42.3961	58.9514	11.6001	12.9016	13.8887	14.6586	15.815	16.6647	17.9598	0.0	0.0	0.0	Neither TRange included 298K!
//s00003657	24.015	69.1684	17.1078	21.4877	25.3883	28.777	34.1116	38.1246	44.2245	0.0	0.0	0.0	Neither TRange included 298K!
s00003749	-24.8216	64.5594	17.6729	22.488	26.8645	30.7445	37.0108	41.7294	48.8319	0.0	0.0	0.0	Neither TRange included 298K!
s00009010	142.7507	43.7385	6.9722	6.9853	7.0277	7.1072	7.3738	7.7111	8.5599	0.0	0.0	0.0	
s00009012	102.7344	45.2159	8.0767	8.3274	8.6613	9.0402	9.8277	10.5707	11.8972	0.0	0.0	0.0	
s00009015	93.759	46.4583	8.3744	8.7312	9.0805	9.4126	10.0265	10.6563	11.8659	0.0	0.0	0.0	
//s00009065	59.1066	53.5877	9.1619	10.3151	11.4244	12.4654	14.2394	15.4197	17.1343	0.0	0.0	0.0	Neither TRange included 298K!
s00009076	-25.9497	52.2757	8.4703	9.3623	10.4367	11.524	13.3741	14.8153	17.0067	0.0	0.0	0.0	
s00009089	35.1048	46.3598	9.1952	9.9751	10.7531	11.5019	12.8632	14.0828	16.2904	0.0	0.0	0.0	
s00009173	3.8949	54.5988	9.0791	10.7854	12.432	13.9755	16.6291	18.5968	21.5101	0.0	0.0	0.0	Neither TRange included 298K!
s00009174	-3.4975	58.286	11.5842	12.9049	14.1314	15.2327	17.0407	18.4987	20.9633	0.0	0.0	0.0	
s00009193	-17.8292	44.5349	8.5461	9.686	11.1112	12.6016	15.2944	17.593	21.6069	0.0	0.0	0.0	
s00009219	-48.0222	57.3045	10.5521	12.2835	14.2254	16.0912	19.0716	21.4265	25.1953	0.0	0.0	0.0	
//s00009312	31.2611	48.2276	8.5853	9.3626	9.9746	10.4771	11.3044	12.0051	13.1955	0.0	0.0	0.0	
//s00009315	110.4361	59.7661	11.7637	13.0971	14.1362	14.9562	16.1623	17.0055	18.2178	0.0	0.0	0.0	Neither TRange included 298K!
//s00009317	-28.22	57.5248	11.1305	12.2284	13.218	14.0994	15.5453	16.8291	17.9957	0.0	0.0	0.0	Neither TRange included 298K!
//s00009318	-2.8221	57.8538	11.081	12.0406	12.8977	13.6585	14.9174	16.1235	17.2462	0.0	0.0	0.0	Neither TRange included 298K!
//s00009319	40.8726	57.9949	11.2117	12.586	13.7252	14.6656	16.0776	17.3086	18.37	0.0	0.0	0.0	Neither TRange included 298K!
s00009325	10.0359	53.6078	8.2736	8.7177	9.2417	9.78	10.7402	11.4859	12.5894	0.0	0.0	0.0	
//s00009352	31.4954	55.5305	9.6022	10.4921	11.2263	11.8335	12.7501	13.3444	14.0726	0.0	0.0	0.0	
s00009358	-26.4155	47.2322	6.9646	7.02	7.1241	7.2685	7.622	7.9253	8.4148	0.0	0.0	0.0	
s00009360	-94.0423	51.0868	8.8944	9.8646	10.6635	11.3172	12.2908	12.9818	13.9559	0.0	0.0	0.0	
s00009800	52.0965	27.4128	4.9675	4.9675	4.9675	4.9675	4.9675	4.9675	4.9675	0.0	0.0	0.0	
s00009809	-0.0010521	31.2263	6.8947	6.9967	7.0015	6.9912	7.0775	7.2085	7.7142	0.0	0.0	0.0	
//s00009856	45.8949	46.596	8.0942	8.3088	8.6017	8.9411	9.6723	10.4063	11.8559	0.0	0.0	0.0	
s00009881	-57.7928	45.1219	8.0289	8.1893	8.4154	8.6799	9.2564	9.8687	11.3017	0.0	0.0	0.0	
s00009882	-32.4741	56.0421	10.1468	11.0801	11.9818	12.7799	13.9821	14.9309	16.604	0.0	0.0	0.0	
//s00009927	-10.9701	46.0646	8.5315	9.2368	10.0361	10.8347	12.2487	13.5096	15.8722	0.0	0.0	0.0	
//s00010069	85.2952	43.3053	6.9764	6.9777	6.9982	7.0454	7.2242	7.4742	8.0656	0.0	0.0	0.0	
//s00010071	59.6283	53.6481	8.2915	8.7969	9.3698	9.9216	10.7975	11.4748	12.4736	0.0	0.0	0.0	
//s00010076	25.3925	52.7907	8.1018	8.4776	8.9841	9.5359	10.5665	11.4163	13.2067	0.0	0.0	0.0	
s00010102	9.4021	43.9063	7.1402	7.0675	7.0458	7.0581	7.1493	7.3353	7.8741	0.0	0.0	0.0	
s00010103	2.9984	54.7475	8.3476	8.8852	9.4641	9.9944	10.7704	11.3791	12.4826	0.0	0.0	0.0	
//s00010227	112.9602	36.6336	4.9675	4.9675	4.9675	4.9675	4.9675	4.9674	4.9718	0.0	0.0	0.0	
//s00010231	-0.00069005	45.7646	6.9485	7.0068	7.0824	7.1901	7.5026	7.8294	8.3178	0.0	0.0	0.0	Neither TRange included 298K!
//s00010234	19.4994	52.574	9.2514	10.2062	10.9663	11.5845	12.535	13.1973	14.1027	0.0	0.0	0.0	
//s00010245	21.8094	50.3605	7.1356	7.1606	7.2872	7.4644	7.8324	8.1228	8.5354	0.0	0.0	0.0	
//s00010246	8.1701	57.3913	8.8983	9.6673	10.424	11.0924	12.0469	12.6693	13.4292	0.0	0.0	0.0	
s00010285	59.547	38.4879	5.2338	5.1292	5.0777	5.0517	5.0156	5.0005	4.9819	0.0	0.0	0.0	
s00010295	-0.0010244	49.0236	7.0233	7.1986	7.4285	7.6673	8.0656	8.3363	8.7407	0.0	0.0	0.0	
//s00010451	104.8354	48.4238	6.9683	7.0374	7.1588	7.3187	7.6883	7.9923	8.4849	0.0	0.0	0.0	
//s00010469	-0.00030853	1.3692	2.0532	2.8275	3.4882	4.0233	4.7402	5.1678	5.7015	0.0	0.0	0.0	