////////////////////////////////////////////////////////////////////////////////
//
//	Functional group dictionary for frequency estimation
//
////////////////////////////////////////////////////////////////////////////////

// Data for each functional group takes the form of a list characteristic
// frequency ranges; these are degeneracy-minimum-maximum triples which are 
// used to map the characteristic frequencies to the number of degrees of freedom

// No.  Group           Characteristic frequency degeneracies and ranges
1       RsCH3           3   2750.0  2850.0      2   1350.0  1500.0      1    700.0   800.0      1   1000.0  1100.0      1   1350.0  1400.0
2       RdCH2           2   2950.0  3100.0      1   1330.0  1430.0      1    900.0  1050.0      1   1000.0  1050.0
3       CtCH            2    750.0   770.0      1   3350.0  3450.0
4       RsCH2sR         2   2750.0  2850.0      1   1425.0  1450.0      1   1225.0  1275.0      1   1270.0  1340.0      1    700.0   800.0      1    300.0   400.0
5       CdCHsR          1   2995.0  3025.0      1    975.0  1000.0      1   1300.0  1375.0      1    400.0   500.0      1   1630.0  1680.0
6       Aldehyde        1   2695.0  2870.0      1    700.0   800.0      1   1380.0  1410.0      1    450.0   500.0      1   1750.0  1800.0
7       Cumulene        2    540.0   610.0      1   1970.0  2140.0
8       Ketene          1   2110.0  2130.0      1    495.0   530.0      1    650.0   925.0  
9       CtCsR           1   2100.0  2250.0      1    500.0   550.0
10      RsCHsR2         2   1380.0  1390.0      2    370.0   380.0      1   2800.0  3000.0      1    430.0   440.0
11      CdCsR2          1    325.0   375.0      1    415.0   465.0      1    420.0   450.0      1   1700.0  1750.0
12      Ketone          1    365.0   385.0      1    505.0   600.0      1    445.0   480.0      1   1700.0  1720.0
13      RsCsR3          2    350.0   400.0      2   1190.0  1240.0      1    400.0   500.0
14      RsCH2r          2   3000.0  3100.0      1    415.0   465.0      1    780.0   850.0      1   1435.0  1475.0
15      RdCHr           1   3115.0  3125.0      1    620.0   680.0      1    785.0   800.0
16      RsCHrsR         1   3000.0  3050.0      1    390.0   425.0      1   1340.0  1360.0      1    335.0   370.0
17      CdCrsR          1   1670.0  1700.0      1    300.0   440.0
18      OdCrsR          1   1850.0  1860.0      1    440.0   470.0
19      RsCrsR2         2    360.0   370.0      1    300.0   400.0
20      Alcohol         1   3580.0  3650.0      1   1210.0  1345.0
21      Ether           1    350.0   500.0
22      ROOH            1   3580.0  3650.0      1   1300.0  1320.0      1    350.0   425.0      1    825.0   875.0
23      ROOR            1    350.0   500.0      1    795.0   815.0
24      Peroxy          1    470.0   515.0      1   1100.0  1170.0

//25      Rings           2           1   2750.0  3150.0      1    900.0  1100.0
//26      RsCHrr
//27      RdCrr
//28      RsCrrsR
//29      Oxy
//30      CtCr
