////////////////////////////////////////////////////////////////////////////////
//
//  /home/alongd/Code/RMG-Py/importer/JetSurF2.0 library
//
////////////////////////////////////////////////////////////////////////////////

1      C12H24                            -39.5637   148.953   64.4567   81.9645   97.0479   110.001   130.585    145.63   168.217         0         0         0     1/22/ 7 THERM
2      C4H612                             39.3356   69.7146   19.2987   23.6673   27.4619   30.7483   36.0414   39.9984   45.5912         0         0         0     A 8/83
3      PXC12H25                          -20.7121   154.053   66.4937   84.1368   99.4096   112.585   133.645   149.125   172.368         0         0         0     1/ 2/ 7 THERM
4      SXC5H11                             41.471   84.4384   25.8935   32.2253   37.6063   42.2067   49.6005   55.1815   63.8889         0         0         0     1/ 2/ 7 THERG
5      CH3OH                             -48.0272   57.3105   10.5533   12.2849   14.2271   16.0933   19.0744   21.4284   25.1975         0         0         0     L 8/88
6      PXC12H23                          -6.06002   145.144   62.9767   80.1586   94.9574   107.661   127.822   142.516   164.355         0         0         0     1/22/ 7 THERM
7      SXC12H25                          -23.3622   155.073    65.658   83.1423   98.3837   111.611   132.878   148.539   171.781         0         0         0     1/ 2/ 7 THERM
8      CH3CO                             -2.39187   63.9155   12.1753   14.2537   16.2566   18.0289   20.6728   22.5926   25.2388         0         0         0     T 9/92
9      O2                               -0.00105322   49.0281   7.02393   7.19919   7.42914   7.66798   8.06637   8.33724   8.74171         0         0         0     TPIS89
10     C6H4CH3                             73.896   75.7095   24.4917   32.7069   39.6861   45.4344   53.7184   59.4379   67.5956         0         0         0     P 1/93
11     S4XC12H25                         -23.3622   155.073    65.658   83.1423   98.3837   111.611   132.878   148.539   171.781         0         0         0     1/ 2/ 7 THERM
12     SXC8H17                            -3.6369     117.4    43.725   55.2526   65.3767   74.2236   88.5696   99.2157    115.02         0         0         0     1/ 2/ 7 THERM
13     HCCOH                              18.7021     56.25   13.9844   15.7676   17.0462   18.0338   19.6558   21.0053   23.2622         0         0         0     SRI91
14     NC5H12                             -35.198   83.3342   28.8827   36.7039   43.5573    49.542   59.2724   66.5712    77.695         0         0         0     1/ 2/ 7 THERM
15     PXC8H17                           -0.98675    116.38   44.5642   56.2479   66.4024   75.1981   89.3379   99.8039   115.604         0         0         0     1/ 2/ 7 THERM
16     S3XC10H21                         -13.4996   136.237   54.6778   69.2091   81.9069   92.9516   110.761   123.912   143.439         0         0         0     1/ 2/ 7 THERM
17     C5H5OH                            -10.5506   76.1002   21.7074   28.5403   34.0605   38.5407   45.2616   50.0452   56.9558         0         0         0     HWZD99
18     NC7H16                            -45.0606   102.171   39.8589   50.6566   60.0655   68.2364   81.4193   91.2191   106.065         0         0         0     1/ 2/ 7 THERM
19     SXC7H15                            1.29443   107.982   38.2427   48.2809   57.1255   64.8771   77.4922   86.8843   100.829         0         0         0     1/ 2/ 7 THERM
20     CH2                                93.7687    46.463   8.37523   8.73209   9.08141   9.41351   10.0275   10.6573   11.8669         0         0         0     L S/93
21     CH3                                35.1084   46.3644   9.19615   9.97612   10.7542    11.503   12.8644   14.0842    16.292         0         0         0     L11/89
22     CH4                                -17.831   44.5393   8.54698   9.68699   11.1124   12.6029   15.2961   17.5948   21.6094         0         0         0     L 8/88
23     C2H                                135.324   50.9834   10.0495   10.5403   10.8839   11.1969   11.9381   12.6558   14.1049         0         0         0     L 1/91
24     C2O                                69.5575   55.8294   10.3164   11.1169   11.7319   12.2338    13.059   13.6573   14.6194         0         0         0     RUS 79
25     CH3CHCH                             64.099   64.6532   15.3917   18.9356   22.0092   24.6444    28.794   31.9048   36.7979         0         0         0     PD5/98
26     S2XC10H21                         -13.4996   136.237   54.6778   69.2091   81.9069   92.9516   110.761   123.912   143.439         0         0         0     1/ 2/ 7 THERM
27     C7H14                             -14.9071   101.862   37.0183   47.0918   55.7868   63.2702   75.2069   83.9841   97.2681         0         0         0     1/ 2/ 7 THERM
28     C2H3CHOCH2                         2.00021   71.8075   19.8674   24.9708    29.579   33.6921   40.4326   45.1922   51.8766         0         0         0     A 8/83
29     H                                  52.1019   27.4156   4.96802   4.96802   4.96802   4.96802   4.96802   4.96802   4.96802         0         0         0     L 7/88
30     NC9H20                            -54.9233   121.007    50.822   64.6008   76.5694   86.9305   103.573   115.879   134.447         0         0         0     1/ 2/ 7 THERM
31     C4H10                              -30.033   74.0245   23.6906   29.8946   35.5089   40.4637   48.4101   54.3506   63.2057         0         0         0     P11/94
32     CH3CHOCH2                         -22.1732   67.2381    17.466   22.2589   26.5037   30.1603   35.8026   39.8847   45.8249         0         0         0     T 6/92
33     S3XC8H17                           -3.6369     117.4    43.725   55.2526   65.3767   74.2236   88.5696   99.2157    115.02         0         0         0     1/ 2/ 7 THERM
34     C4H81                            -0.133116   73.5586   20.5065   25.9188   30.7858   35.0518    41.824   46.8511   55.0973         0         0         0     T 6/83
35     OH                                  8.9718   43.9041   7.16448   7.07692   7.05175    7.0641   7.15104   7.33546   7.87494         0         0         0     S 9/01
36     NC10H22                           -59.8546   130.425   56.3042    71.573   84.8212   96.2773    114.65   128.209   148.638         0         0         0     1/ 2/ 7 THERM
37     S4XC9H19                          -8.56824   126.819   49.2442   62.2612   73.6608    83.597   99.6617   111.557   129.251         0         0         0     1/ 2/ 7 THERM
38     H2                               -0.00103378   31.2299   6.89551   6.99749   7.00231   6.99203   7.07836   7.20917   7.71492         0         0         0     TPIS78
39     pC3H4                              44.3166   59.3371   14.5677    17.282   19.6997   21.7997   25.1215   27.7114    31.713         0         0         0     T 2/90
40     S4XC11H23                         -18.4309   145.655   60.1748     76.17   90.1321   102.264   121.801   136.208   157.591         0         0         0     1/22/ 7 THERM
41     SAXC5H9                            25.1988   80.1956   25.5376   32.3285   38.1396    43.099   50.9219   56.6105   65.2494         0         0         0     8/29/ 8 G
42     C6H12                             -10.0834   91.5669   31.5839   40.0757   47.4928   53.9202    64.172   71.6184   83.1818         0         0         0     9/01/7THERG
43     CH3CH2CHO                          -45.141   72.7686   19.0287   23.0966   26.7766   30.0299   35.2789   39.2418   45.3405         0         0         0     USC/07
44     C3H6                               4.88652   61.5133   15.4645   19.2688   22.7313   25.8069   30.7861   34.5263   40.1433         0         0         0     120186
45     S2XC9H19                          -8.56824   126.819   49.2442   62.2612   73.6608    83.597   99.6617   111.557   129.251         0         0         0     1/ 2/ 7 THERM
46     l-C6H4                             123.504    76.817   25.2208   30.1227   33.9599   37.0045   41.5318   44.7924   49.5371         0         0         0     H6W/94
47     C3H3                               82.6933   61.3348   15.5579   17.8277   19.5521   20.9253   23.1126   24.8131    27.542         0         0         0     T 5/97
48     S2XC11H23                         -18.4309   145.655   60.1748     76.17   90.1321   102.264   121.801   136.208   157.591         0         0         0     1/22/ 7 THERM
49     C3H8                              -25.0226   64.5721    17.676   22.4924   26.8695   30.7498   37.0165   41.7383   48.8427         0         0         0     P11/94
50     CH2OCH2                           -12.5816   58.0414   11.4405   14.7161   17.9194   20.7077   24.6235   27.5419   31.7125         0         0         0     T 6/92
51     C6H10-13                            13.497   86.2942    29.443   37.5823    44.385   50.0638   58.7923   65.0354   74.8414         0         0         0     8/29/ 8 G
52     CH2O                              -25.9524   52.2814    8.4712   9.36336   10.4379   11.5255   13.3762   14.8169   17.0086         0         0         0     L 8/88
53     CH2OH                              -4.0648   58.3523   11.3552   12.7923   14.1661   15.3593   17.0856   18.4412    20.594         0         0         0     IU2/03
54     C11H22                            -34.6324   139.535   58.9737   74.9922   88.7962   100.655   119.508     133.3   154.026         0         0         0     1/ 2/ 7 THERM
55     aC3H4                              45.6287   58.1741   14.1299   17.1127   19.7769     22.04   25.3985   27.9907   31.9034         0         0         0     L 8/89
56     aC3H5                              40.9038   61.8733   15.2216    18.996   22.2872   25.0375    29.063   32.1234    36.752         0         0         0     PD5/98
57     H2O2                              -32.4775   56.0479   10.1478   11.0811   11.9828   12.7809    13.983   14.9325   16.6058         0         0         0     L 7/88
58     C6H5CH2OH                          -24.004   78.9963   27.7833   36.7995   44.9096   51.6924   61.1207   67.8355   77.1614         0         0         0     L 7/87
59     CH3CHCHCO                          16.2251   79.0697   22.0756   26.0409   29.6955   32.9231   37.9901    41.738   47.4159         0         0         0     USC/07
60     pC4H9                              18.4658   79.5408   23.2459   29.0134    34.091   38.4814   45.4172   50.6689   58.9205         0         0         0     USC/07
61     SXC11H23                          -18.4309   145.655   60.1748     76.17   90.1321   102.264   121.801   136.208   157.591         0         0         0     1/22/ 7 THERM
62     C4H82                             -2.62593   71.8449   19.4873   24.7738   29.6239   33.9591   41.0065    46.232   54.7872         0         0         0     T 6/83
63     SXC6H13                            6.22576   98.5638   32.7609   41.3095   48.8744   55.5306   66.4148    74.553   86.6386         0         0         0     1/ 2/ 7 THERM
64     C5H10                              -5.1359   82.2126   26.1086    33.126   39.2558   44.5734   53.0824   59.2924   68.9382         0         0         0     1/ 2/ 7 THERG
65     SXC6H11                            36.5235   93.8071   31.3619   39.1841   45.8488   51.5506   60.6857   67.5154   78.1336         0         0         0     THERGAS G
66     cC3H4                              66.2002   58.2189   12.7352   16.2189   19.2043    21.688    25.343   27.9842   31.8678         0         0         0     T12/81
67     HCCO                               42.4005   58.9578   11.6013    12.903   13.8901     14.66   15.8163   16.6665    17.962         0         0         0     SRIC91
68     PXC5H11                            13.8072   88.1251   28.1133   35.3246   41.6405   47.1531   56.1093   62.8212   73.0382         0         0         0     1/ 2/ 7 THERM
69     C                                  171.289   37.7845   4.98035   4.97396   4.97208   4.97171    4.9698   4.96957   4.97464         0         0         0     L11/88
70     CH2OCH                             39.0882    59.828   11.1934   14.1721   16.6796   19.6399   22.0458   23.9917   27.2638         0         0         0     A12/04
71     CH2CHCHCHO                         8.09707   74.3796    20.932   25.8095    29.987   33.4882    38.738   42.4756   48.0876         0         0         0     USC/07
72     S3XC7H15                           1.29443   107.982   38.2427   48.2809   57.1255   64.8771   77.4922   86.8843   100.829         0         0         0     1/ 2/ 7 THERM
73     O                                  59.5532   38.4916   5.23431   5.12961   5.07812   5.05211     5.016   5.00102   4.98243         0         0         0     L 1/90
74     C4H4                                 69.33    66.628   17.7025   21.3405   24.3012   26.7188   30.3887   33.1356    37.468         0         0         0     USC/07
75     PXC11H21                          -1.12869   135.725   57.4961   73.1867   86.7053   98.3132   116.745   130.186   150.164         0         0         0     1/ 2/ 7 THERM
76     PXC11H23                          -15.7807   144.635   61.0109   77.1645   91.1579   103.239   122.568   136.795   158.177         0         0         0     1/22/ 7 THERM
77     C8H16                             -19.8384    111.28   42.5255   54.0753   64.0411   72.6144   86.2776   96.3089   111.453         0         0         0     1/ 2/ 7 THERM
78     iC3H7                              21.5021   69.1528   15.8914   20.0254   23.8591   27.3254   33.0561   37.3589   43.8304         0         0         0     P11/94
79     C2H6                              -20.0428   54.7787   12.6002   15.5707   18.5805   21.3616   25.8061   29.3225   34.8813         0         0         0     L 8/88
80     C4H6O25                           -26.0016    67.928    18.178   24.0367    29.421   33.9504   40.1726   44.6586   50.9487         0         0         0     T 3/97
81     C2H4                               12.5462    52.414   10.2903   12.5821   14.8854   16.9547   20.0535   22.4898   26.3054         0         0         0     L 1/91
82     C4H6O23                           -17.3007    67.928    18.178   24.0367    29.421   33.9504   40.1726   44.6586   50.9487         0         0         0     T 3/97
83     C6H5OH                            -23.0379   75.2414   24.9095   32.3695   38.6214   43.6764   50.7288   55.5677   62.3752         0         0         0     L 4/84
84     C6H4O2                            -31.1051    78.305   26.0641   32.7095    38.197   42.6596   49.1291   53.5294     59.76         0         0         0     PUML96
85     nC3H7                              23.3822   69.1822   17.1109   21.4921   25.3936   28.7829   34.1185    38.133    44.234         0         0         0     P11/94
86     SAXC6H11                           21.4199   90.2522   30.7493   38.6354   45.5007   51.4521    61.006   68.0139   78.9445         0         0         0     THERG
87     S3XC11H23                         -18.4309   145.655   60.1748     76.17   90.1321   102.264   121.801   136.208   157.591         0         0         0     1/22/ 7 THERM
88     NC8H18                             -49.992   111.589   45.3402   57.6287   68.3175   77.5835   92.4961   103.549   120.256         0         0         0     1/ 2/ 7 THERM
89     C6H2                               167.819   71.5059   25.0022   28.3938   30.6927    32.387    35.084   37.0658   40.1354         0         0         0     D11/99
90     S2XC7H15                           1.29443   107.982   38.2427   48.2809   57.1255   64.8771   77.4922   86.8843   100.829         0         0         0     1/ 2/ 7 THERM
91     C6H6                               19.9967   64.2893   19.6931   26.9777    33.076   38.0816   45.3847   50.4183   57.7924         0         0         0     D11/99
92     C6H5                               80.9987   68.8755   18.9399   25.4978   30.9953   35.5108   42.0909   46.5894   53.1069         0         0         0     D11/99
93     S3XC9H19                          -8.56824   126.819   49.2442   62.2612   73.6608    83.597   99.6617   111.557   129.251         0         0         0     1/ 2/ 7 THERM
94     c-C4H5                             72.0012   63.6744   15.4527   20.5311   24.7527   28.1937   33.1847   36.6986   42.0723         0         0         0     PUPM3
95     PXC8H15                            13.6653   107.471   41.0567   52.2636   61.9373   70.2593    83.508   93.1968   107.589         0         0         0     1/ 2/ 7 THERM
96     H2C4O                              51.9596   69.8515   19.2593   21.9507   24.1121   25.8734   28.5849   30.6055   33.6623         0         0         0     USC/07
97     PXC7H13                            18.5966   98.0524    35.565   45.2924    53.693   60.9235   72.4438   80.8771   93.4001         0         0         0     1/ 2/ 7 THERM
98     C5H4O                               13.197   69.2962    19.449   24.6961   29.1925   32.9165   38.3286   42.2316   47.7623         0         0         0     T 8/99
99     PXC7H15                            3.94458   106.962   39.0828   49.2759   58.1505    65.851    78.261    87.474   101.413         0         0         0     1/ 2/ 7 THERM
100    C4H6-2                             34.6648   65.9688   18.4176   22.4211   26.0647   29.3483   34.8356   38.8831   45.4616         0         0         0     A 8/83
101    S3XC12H25                         -23.3622   155.073    65.658   83.1423   98.3837   111.611   132.878   148.539   171.781         0         0         0     1/ 2/ 7 THERM
102    C5H6                               32.0956    65.515   18.1337    24.463   30.1278   34.8213   41.2277   45.8716   52.3628         0         0         0     T 1/90
103    C5H5O(2,4)                         52.9983   72.3897   19.9903   26.3965   31.7385   36.1118    42.486   46.8881   53.2894         0         0         0     D 9/97
104    SXC5H9                              41.471   84.4384   25.8935   32.2253   37.6063   42.2067   49.6005   55.1815   63.8889         0         0         0     THERGAS G
105    CH3CHO                            -39.7222   63.0791   13.2663    15.782   18.2921    20.582   24.1671   26.9139   30.9598         0         0         0     L 8/88
106    CH3O                                5.0176   55.9887   10.2008    12.052   13.8628   15.4698   17.8625    19.701   22.2502         0         0         0     IU1/03
107    C2H3                               71.6378   55.8964   10.2407   12.0294   13.7099   15.1714   17.3462   19.0722   21.8156         0         0         0     L 2/92
108    SXC10H21                          -13.4996   136.237   54.6778   69.2091   81.9069   92.9516   110.761   123.912   143.439         0         0         0     1/ 2/ 7 THERM
109    HCO                                 10.037   53.6131   8.27443   8.71853   9.24252   9.78076   10.7408    11.487   12.5908         0         0         0     L12/89
110    NC11H24                           -64.7859   139.844   61.7866   78.5453    93.073   105.624   125.727   140.539   162.829         0         0         0     1/22/ 7 THERM
111    PXC5H9                             28.4593   79.2159   24.5519   31.3271   37.1879   42.2405    50.308   56.2254   64.9774         0         0         0     1/ 2/ 7 THERM
112    CH2CHCO                            17.2977   64.4123   15.0045   17.8931   20.4962   22.7335    26.106   28.6363   32.3532         0         0         0     T05/99
113    CH3COCH3                          -51.9024   70.6554   17.8069   21.7867    25.695   29.2153   34.6364   38.7624   44.8469         0         0         0     T 5/92
114    CH                                 142.766   43.7433     6.973   6.98602   7.02851     7.108   7.37458   7.71184    8.5607         0         0         0     TPIS79
115    CO                                -26.4182   47.2375   6.96537   7.02076   7.12495   7.26935   7.62282   7.92612   8.41572         0         0         0     TPIS79
116    cC5H8                              7.81254   69.6044   19.5541    26.548   33.1057   38.7368   46.7559   52.6711   61.0849         0         0         0     T03/97
117    CH3CCH2                            60.5985   65.2487   15.5725   18.9425    21.933   24.5454   28.7333    31.883   36.8188         0         0         0     PD5/98
118    o-C6H4                             106.599   67.6973   19.3563   25.3989   30.2778   34.1759   39.7436   43.4918   48.8333         0         0         0     D11/99
119    C9H18                             -24.7697   120.699   48.0081   61.0476   72.2929   81.9611   97.3544   108.639   125.644         0         0         0     1/ 2/ 7 THERM
120    C2H3CHO                           -15.6631   67.7832   16.2999   19.9848   23.2013   25.9644   30.2689   33.3364   37.7381         0         0         0     USC/07
121    iC4H10                            -32.0734   70.5873   23.2274    29.768   35.6153    40.707    48.708   54.6097   63.3585         0         0         0     P11/94
122    N2                               -0.000700461   45.7691   6.94921   7.00754   7.08315   7.19086    7.5034    7.8303   8.31869         0         0         0     121286
123    iC4H3                              121.011   70.4734   18.9287   21.4287   23.4743   25.1686    27.826   29.8642   33.1028         0         0         0     USC/07
124    CO2                                -94.052   51.0917   8.89527   9.86559   10.6645   11.3184   12.2921    12.983   13.9571         0         0         0     L 7/88
125    iC4H5                              75.4194   69.7508      19.1   23.3722   26.8877   29.7814   34.1881     37.45   42.5347         0         0         0     USC/07
126    iC4H7                              32.5031   72.0219   20.0501   25.4232   29.9626   33.7745   39.6641   44.0364   50.9008         0         0         0     USC/07
127    iC4H9                              17.2178   76.5534   23.7664   29.5726   34.6215   38.9487   45.7453   50.9048    59.035         0         0         0     USC/07
128    iC4H8                             -4.10471   70.8683   21.1215    26.087   30.6628   34.7752   41.5274   46.6024   54.4561         0         0         0     T 6/83
129    S4XC10H21                         -13.4996   136.237   54.6778   69.2091   81.9069   92.9516   110.761   123.912   143.439         0         0         0     1/ 2/ 7 THERM
130    H2O                               -57.7987    45.127   8.02975    8.1902   8.41637   8.68086   9.25743   9.86969   11.3029         0         0         0     L 8/89
131    PXC9H17                            8.73397   115.199   46.5293   59.2326   70.1891   79.6072   94.5845   105.524   121.781         0         0         0     1/ 3/ 7 THERM
132    cC6H11                             17.8733    76.069   25.0526   35.2715   44.1109   51.7251   63.8167   72.4697   85.1437         0         0         0     THERG
133    cC6H10                            -1.37057   74.2579   25.2877   34.6788   42.6975   49.4325   59.5913   66.6056   78.0213         0         0         0     THERGA
134    C2H5                               28.3581   59.0564   12.1097   14.5897   17.0767   19.3512   22.9338   25.7788   30.2988         0         0         0     L12/92
135    C6H5O                              12.9027   74.5269   23.4824   30.3358   36.1005   40.7151   46.9406    51.287   57.2393         0         0         0     T05/02
136    S2XC6H11                           36.5235   93.8071   31.3619   39.1841   45.8488   51.5506   60.6857   67.5154   78.1336         0         0         0     THERGAS G
137    C5H5O(1,3)                         12.1969    73.262   21.0471   27.4082   32.6391   36.8736   42.9831   47.1826    53.354         0         0         0     DU0997
138    S2XC6H13                           6.22576   98.5638   32.7609   41.3095   48.8744   55.5306   66.4148    74.553   86.6386         0         0         0     1/ 2/ 7 THERM
139    HOC6H4CH3                         -31.6243   85.0422    29.975   38.8254   46.5312   52.9336   62.0909   68.6191   77.6504         0         0         0     AVG CRESOL6/87
140    PXC6H11                            38.7234   93.6488   31.5171    39.542   46.3605   52.1423   61.2349   68.0199   79.8936         0         0         0     1/22/ 7 THERG
141    PXC6H13                            8.87591   97.5433   33.5984   42.2961   49.8893   56.4955   67.1806   75.1459   87.2264         0         0         0     1/ 2/ 7 THERM
142    C6H5CH2                            50.3066   76.7391   26.2334   34.0302   40.8277   46.4682   54.4932   60.2239   68.2411         0         0         0     T08/90
143    C6H5CH3                            11.9465   76.5137   24.8417   33.1049   40.5936   46.9274   55.9443   62.4513   71.5809         0         0         0     L 6/87
144    lC5H7                              49.3034   75.9329   20.8806   27.5851   33.1185   37.6637   44.5033   49.4952   56.8069         0         0         0     HWZD99
145    S2XC5H11                           11.1571   89.1456   27.2799   34.3384   40.6233   46.1841   55.3375   62.2219   72.4487         0         0         0     1/ 2/ 7 THERM
146    sC4H9                              16.1016   79.8215   20.9893    26.875   32.1842   36.8519   44.2892   49.8112   58.0572         0         0         0     P11/94
147    OC12OOH                           -111.493    174.53   76.3642    95.377   111.595   125.388   147.022   162.609   185.569         0         0         0     7/23/ 7 THERM
148    PXC10H19                           3.80264   126.307   52.0163   66.2149    78.453   88.9657   105.669   117.857   135.972         0         0         0     1/22/ 7 THERM
149    PC12H25O2                         -55.2167   170.171    73.368   91.5652    107.32   120.927    142.76   158.955   183.526         0         0         0     7/23/ 7 THERM
150    C10H20                            -29.7011   130.117   53.4909     68.02   80.5446   91.3079   108.431    120.97   139.835         0         0         0     1/22/ 7 THERM
151    CH2CHO                             3.09733   64.0274   13.1768   15.1473    16.962   18.5973   21.3024   23.3456   26.3543         0         0         0     D05/83
152    tC4H9                              12.2712   76.3663   18.7591   24.3957   29.7259   34.6241   42.8334   48.8691   57.6684         0         0         0     P11/94
153    C4H5-2                             74.3077   71.2074   18.8408   22.4286   25.6538   28.5163   33.1532   36.3395   41.5504         0         0         0     H6W/94
154    C6H3                               174.707    78.762   24.9406   29.1196   32.2978   34.7732    38.449   41.0955   44.9355         0         0         0     H6W/94
155    cC5H9                              27.4971   71.8902   18.9479   26.6123   33.7283   39.8836    48.927    55.503   65.3774         0         0         0     T03/97
156    NC12H26                           -69.7173   149.262   67.2693   85.5175   101.325   114.971   136.803    152.87    177.02         0         0         0     1/ 2/ 7 THERM
157    HO2                                2.99874   54.7531   8.34848   8.88613   9.46512   9.99542   10.7715   11.3804    12.484         0         0         0     L 5/89
158    OC6H4CH3                           2.79583   78.8804   28.4213   36.9328   44.3287   50.4921   59.3415   65.2978   73.4368         0         0         0     EST/BUR P 1/93
159    nC4H3                              131.262   67.6908   17.6938   20.7642   23.1242   24.9725   27.7241   29.7906   33.0487         0         0         0     USC/07
160    nC4H5                              87.3103   70.2269   18.5173   22.9394    26.653   29.7318   34.3439    37.619   42.4469         0         0         0     USC/07
161    S5XC12H25                         -23.3622   155.073    65.658   83.1423   98.3837   111.611   132.878   148.539   171.781         0         0         0     1/ 2/ 7 THERM
162    P12OOHX2                          -43.0655   174.391   73.6764   92.0811   107.992   121.697   143.541   159.515   183.154         0         0         0     7/23/ 7 THERM
163    C5H5                               62.3004   63.4581   20.3974   25.1724   29.0828    32.187   36.7632   41.5768   47.8236         0         0         0     T12/89
164    NC6H14                            -40.1293   92.7524   34.3741   43.6756   51.8029   58.8798   70.3393    78.893   91.8811         0         0         0     1/ 2/ 7 THERM
165    S5XC11H23                         -18.4309   145.655   60.1748     76.17   90.1321   102.264   121.801   136.208   157.591         0         0         0     1/22/ 7 THERM
166    C5H8-13                            18.5495   76.2313   25.3578   30.8548    35.994   40.7605   49.1099   55.7557   63.8076         0         0         0     THERGAS G
167    C4H2                               111.013   61.1871   17.7196   20.1643   21.8878   23.1671   25.1028   26.5958    29.003         0         0         0     D11/99
168    C5H8-14                            25.3413   79.6657   25.0153   30.9686   36.1805    40.709   47.9606   53.2366   61.1441         0         0         0     8/29/ 8 G
169    C4H7                                48.568   76.5279   21.1909    26.128    30.346   33.9197     39.49   43.6593   50.2531         0         0         0     USC/07
170    C4H6                                26.328   66.3978   18.3329   23.1563   27.3382    30.902   36.4169     40.48   46.7642         0         0         0     H6W/94
171    C4H4O                             -8.29231   63.8663   15.7337   21.0214   25.6888   29.4847   34.4654   37.9865   42.8029         0         0         0     T03/97
172    C2H2                               54.5393   48.0147   10.5484   12.0145   13.0774   13.8886   15.1601   16.2307   18.1741         0         0         0     L 1/91
173    C5H4OH                             15.8965   74.0817   22.9838   29.3468   34.5082   38.5282     43.84   47.5839   52.8633         0         0         0     T 8/99
174    SXC9H19                           -8.56824   126.819   49.2442   62.2612   73.6608    83.597   99.6617   111.557   129.251         0         0         0     1/ 2/ 7 THERM
175    PXC10H21                          -10.8494   135.216   55.5284   70.1923   82.9061   93.8919   111.492   124.464   143.986         0         0         0     1/ 2/ 7 THERM
176    CH3CHCHCHO                        -25.7027   79.6083   18.2915   24.0689   29.1713   33.5985   40.4275    44.556    50.645         0         0         0     T 5/92
177    S2XC8H17                           -3.6369     117.4    43.725   55.2526   65.3767   74.2236   88.5696   99.2157    115.02         0         0         0     1/ 2/ 7 THERM
178    PXC9H19                           -5.91808   129.358   50.0461   63.2201   74.6543   84.5451   100.415   112.134   129.795         0         0         0     1/ 2/ 7 THERM
179    H2CC                               99.1348     52.82   10.2044   11.2041   12.0891   12.8661   14.1458   15.1901   16.9484         0         0         0     L12/89
180    C6H5CHO                           -8.79937   80.2967   26.8551   35.0361   41.8637   47.4469   55.5211   60.9495     68.54         0         0         0     L 3/86
181    CH2CO                             -11.8536   57.8063    12.404   14.2019   15.6764   16.8957   18.7935   20.2484   22.5537         0         0         0     D05/90
182    S2XC12H25                         -23.3622   155.073    65.658   83.1423   98.3837   111.611   132.878   148.539   171.781         0         0         0     1/ 2/ 7 THERM
183    C6H5CO                             26.0221   81.7191   26.7492   34.3418   40.6536   45.7727   52.9764     57.42   64.0421         0         0         0     EST/BUR P 1/93
184    AR                               -0.000745202   36.9794   4.96802   4.96802   4.96802   4.96802   4.96802   4.96802   4.96802         0         0         0     120186
185    HE                               -0.000745202   30.1488   4.96802   4.96802   4.96802   4.96802   4.96802   4.96802   4.96802         0         0         0     L10/90
186    OH*                                102.891   42.8096   6.96776    6.9763   7.00513    7.0632   7.27055    7.5408    8.1587         0         0         0     ATcT A
187    CH*                                209.407   42.3264   6.96863   6.98471   7.02913   7.10939   7.36922   7.67124   8.29505         0         0         0     TPIS79
188    SAXC4H7                            31.4038   71.4741   19.5982   24.5605   28.9337   32.7531   38.9123   43.4851   50.6574         0         0         0     THERM
189    CH3cC6H11                         -35.9583   82.4333   30.5556   42.8574   53.5362   62.7452   77.3416   87.7678   102.098         0         0         0     7/28/ 9 THERM
190    PXCH2cC6H11                        13.0469    85.044   29.7871   41.4769   51.6165   60.3525   74.1742   84.0144   97.4399         0         0         0     THERM
191    cC6H12                            -29.4808   71.1115   25.3866   36.1398   45.5301   53.6659   66.6215    75.928   89.1177         0         0         0     THERG
192    PXCH2cC5H9                         22.5032   83.3094   26.3098   35.7726   43.7625   50.5232   61.1379   68.7918   80.0963         0         0         0     THERG
193    cC6H10O2H-2                       -7.88559    96.164   32.0126   42.9399    52.323   60.3226   72.7742   81.4199   92.6117         0         0         0     therm
194    cC6H11O2                          -20.8369   90.5735   31.8346   42.4241   51.6055   59.5112   72.0027   80.8692   92.8371         0         0         0     therm
195    C7H12-16                           15.2465   98.7931   34.2356   43.5565   51.5191    58.304   68.9865   76.7419    88.462         0         0         0     THERM
196    C7H14-2                           -17.8473   105.393   36.7523   46.6535     55.26   62.7169    74.713   83.6056   97.0679         0         0         0     THERM
197    C8H16-3                           -22.8152   109.224   42.0136   53.4915   63.5032   72.1737    86.006   96.0495   111.529         0         0         0     THERG
198    SOOcC6O2H                         -45.4907   107.401   40.2742   51.7656    61.558    69.848   82.6463    91.492   103.234         0         0         0     therm
199    CH3-4-SAXC6H10                     17.1565   99.7327   35.3786   45.2336   53.7267   61.0233   72.6239   81.1031   93.6797         0         0         0     THERM
200    PXCH2-5-1C6H11                     33.4581   106.153   36.0777   45.6724   53.9199    60.992   72.2266    80.467   92.9529         0         0         0     THERM
201    PXCH2-5-1C7H13                     27.7267   115.571   41.5743   52.6447    62.163   70.3256   83.2889   92.7859   107.141         0         0         0     THERM
202    PXCH2-5-1C8H15                     21.9953   124.989   47.0523   59.6143   70.4128   79.6702    94.362   105.111   121.332         0         0         0     THERM
203    PXCH2-5-1C9H17                      17.864   134.408   52.5184   66.5819   78.6662   89.0212   105.442   117.441   135.524         0         0         0     THERM
204    C3H5cC6H11                        -16.4675   98.7809   38.7313   53.2543    65.755    76.452   93.2501   105.161   121.666         0         0         0     THERM
205    PX6-2C6H11                         36.0892    98.585   30.5024   38.3041   45.0938   50.9837   60.4762   67.5293   78.2235         0         0         0     THERM
206    PXCH2-4-1C5H9                      37.0993   93.9945   30.4822   38.8761   46.0078   52.0503   61.4846   68.2641   78.4845         0         0         0     9/ 8 G
207    PX1-4C8H15                         29.1668   116.071   41.7011   52.6861   62.1384   70.2479   83.1246   92.5434   106.814         0         0         0     THERM
208    PXCH2-3-1C5H9                      37.8394   96.7347   30.6029   38.7251   45.6967   51.6678   61.1442   68.0985   78.6888         0         0         0     THERM
209    PXCH2-3-1C4H7                      41.3226   83.3733   28.3326   35.0301   40.6325   45.3466    52.758   58.2026   66.8397         0         0         0     9/ 8 G
210    CH3-2-C4H5-13                      18.7782   77.4054   25.2766    31.676   36.9892   41.3996   48.1465   52.9844   60.7417         0         0         0     THERM
211    C2H3cC6H11                        -11.2861   89.3627   33.2628   46.3165   57.5427   67.1391   82.1795   92.8068    107.43         0         0         0     THERM
212    C7H12-13                           8.51566   97.9626   35.0687   44.6283    52.671   59.4295   69.9066   77.4509    89.075         0         0         0     THERM
213    C3H7S2XcC6H10                    -0.265971   107.091   39.9291   54.4332   67.0929   78.0626   95.5397   108.063   125.234         0         0         0     THERM
214    C4H9S2XcC6H10                      -5.1973   116.509     45.41   61.4046   75.3445   87.4096   106.617   120.393   139.425         0         0         0     THERM
215    PX1-3C7H13                         31.3279   108.383   35.6529   45.1742   53.3868   60.4516   71.7181   80.0082   92.5706         0         0         0     THERM
216    PXC2H4-4-1C6H11                    25.8164   116.771   41.9988   53.0388   62.4992   70.5874   83.3907   92.7585   107.088         0         0         0     THERM
217    SAX6-4C10H19                       1.03244   130.218   51.4149    65.665   77.9562    88.523   105.335   117.628   135.928         0         0         0     THERM
218    SAX4-2C8H15                        10.8951   111.381   40.4446   51.7236   61.4617   69.8425   83.1974   92.9824   107.547         0         0         0     THERM
219    PX8-2C8H15                         29.1668   116.071   41.7011   52.6861   62.1384   70.2479   83.1246   92.5434   106.814         0         0         0     THERM
220    CH3S3XcC5H8                        23.0888   80.1461   24.4054   34.0247   42.2623   49.2911   60.3466   68.3096   80.0401         0         0         0     THERM
221    C4H9S4XcC6H10                      -5.1973   116.509     45.41   61.4046   75.3445   87.4096   106.617   120.393   139.425         0         0         0     THERM
222    C2H5cC6H11                        -40.4567   90.3557   37.8968   51.4913   63.3311   73.5501   89.6992   101.164   117.357         0         0         0     THERG
223    CH3-5-SAX1C7H12                    12.2252   109.151   40.8013    52.205   62.0013   70.3927   83.6895   93.3909   107.949         0         0         0     THERM
224    C3H7S4XcC6H10                    -0.265971   107.091   39.9291   54.4332   67.0929   78.0626   95.5397   108.063   125.234         0         0         0     THERM
225    C2H5-4-SAX1C6H10                   11.4251   109.151   40.8549   52.2026   61.9753   70.3652   83.6923   93.4254   107.884         0         0         0     THERM
226    C4H9cC6H11                        -51.5524   112.068   47.0259   63.7787   78.2826   90.7674   110.545    124.73   144.658         0         0         0     THERM
227    C3H7cC6H11                        -45.4041     99.71   43.3671   58.4472    71.572   82.8949   100.786   113.495   131.606         0         0         0     THERG
228    CH3-5-SAXC6H10                     17.1565   99.7327   35.3786   45.2336   53.7267   61.0233   72.6239   81.1031   93.6797         0         0         0     THERM
229    C9H18-4                           -27.7627   118.578   47.4948   60.4335   71.7356   81.5229   97.0991   108.369   125.772         0         0         0     THERG
230    C6H10-15                            19.867   87.8648   29.0014   36.6091   43.2241   48.9256    57.933   64.3801    74.272         0         0         0     THERG
231    C10H20-5                          -32.4713   134.027   52.8868   67.4788   80.0614   90.8792   108.105   120.741   139.793         0         0         0     7/31/ 9 THERM
232    PAXCH2-2-C4H5                       54.882   74.8454   24.7593   31.0694   36.1757   40.3019   46.3781   50.5662   57.2195         0         0         0     THERM
233    S2XC8H15                           26.5167   117.902    40.921    51.714   61.1181   69.2747    82.375   92.0026   106.246         0         0         0     THERM
234    S3XC9H17                           21.5853    127.32      46.4   58.6895   69.3773   78.6311   93.4625   104.343   120.446         0         0         0     THERM
235    S4XC10H19                           16.654   136.738    51.891   65.6485   77.6027   87.9447   104.503   116.638   134.598         0         0         0     THERM
236    C2H5-2-1C6H11                     -23.3372   108.885   42.0103   54.0096   64.3244   73.1097   86.7517    96.338    111.85         0         0         0     THERG
237    C4H9-2-1C6H11                     -33.0515   131.617   53.8043   68.3759   80.9025    91.643   108.697   121.189   140.105         0         0         0     THERM
238    PXC3H6-3-1C7H13                     17.314   134.408   52.5538   66.6323   78.7163   89.0606   105.446    117.41   135.471         0         0         0     THERM
239    C3H7-2-1C6H11                     -28.2846   118.239     47.48   60.9671   72.5659   82.4535   97.8375   108.672   126.095         0         0         0     THERG
240    C2H5S3XcC6H10                      4.66536    97.673   34.4493    47.462   58.8414   68.7155   84.4624   95.7321   111.044         0         0         0     THERM
241    C2H5S4XcC6H10                      4.66536    97.673   34.4493    47.462   58.8414   68.7155   84.4624   95.7321   111.044         0         0         0     THERM
242    S2XC4H8cC6H11                      -5.1973   116.509     45.41   61.4046   75.3445   87.4096   106.617   120.393   139.425         0         0         0     THERM
243    C4H9S3XcC6H10                      -5.1973   116.509     45.41   61.4046   75.3445   87.4096   106.617   120.393   139.425         0         0         0     THERM
244    CH3S4XcC6H10                       10.3968   86.8747   28.8109   40.4967   50.6526    59.424   73.3641   83.3574   97.0223         0         0         0     THERM
245    SXC2H4cC6H11                       4.66536    97.673   34.4493    47.462   58.8414   68.7155   84.4624   95.7321   111.044         0         0         0     THERM
246    C3H7S3XcC6H10                    -0.265971   107.091   39.9291   54.4332   67.0929   78.0626   95.5397   108.063   125.234         0         0         0     THERM
247    PXC3H6cC6H11                       2.38418   105.261    40.768   55.4248   68.1143   79.0338   96.3089   108.655   125.814         0         0         0     THERM
248    SXC3H6cC6H11                     -0.265971   107.091   39.9291   54.4332   67.0929   78.0626   95.5397   108.063   125.234         0         0         0     THERM
249    SXC4H8cC6H11                       -5.1973   116.509     45.41   61.4046   75.3445   87.4096   106.617   120.393   139.425         0         0         0     THERM
250    S3XC4H8cC6H11                      -5.1973   116.509     45.41   61.4046   75.3445   87.4096   106.617   120.393   139.425         0         0         0     THERM
251    PXC4H8cC6H11                      -2.54715   114.679   46.2502   62.3987   76.3685   88.3831   107.387   120.986   140.009         0         0         0     THERM
252    PX10-4C10H19                       16.5339   136.638   52.1109   66.0981   78.1463   88.4938   104.947   116.996   135.141         0         0         0     THERM
253    PXC2H4cC6H11                       7.31551   95.8423   35.2805   48.4504   59.8627   69.6892   85.2367   96.3301   111.624         0         0         0     THERM
254    CH3-5-SAX1C9H16                    2.36252   127.987   51.8243   66.1586   78.4916     89.07   105.853   118.095   136.312         0         0         0     THERM
255    CH3-5-SAX1C8H14                    7.29385   118.569   46.3216   59.1675   70.2229   79.7079   94.7619   105.748    122.09         0         0         0     THERM
256    C4H9TXcC6H10                      -7.14762   117.309   46.1796   61.3805   74.8187   86.6084   105.719   119.707    139.27         0         0         0     THERM
257    C2H5S2XcC6H10                      4.66536    97.673   34.4493    47.462   58.8414   68.7155   84.4624   95.7321   111.044         0         0         0     THERM
258    S2XC3H6cC6H11                    -0.265971   107.091   39.9291   54.4332   67.0929   78.0626   95.5397   108.063   125.234         0         0         0     THERM
259    C3H7TXcC6H10                      -2.21629   107.891   40.6926   54.4048    66.565   77.2613   94.6452   107.381   125.082         0         0         0     THERM
260    PX9-3C9H17                         21.4653    127.22   46.6287   59.1258   69.8945   79.1469   93.8702   104.666    120.95         0         0         0     THERM
261    SAXC6H9-15                         51.3703    87.915   28.1633   35.1709   41.2335   46.4567   54.7656   60.7777   70.0472         0         0         0     7/28/  THERGA
262    CH2cC6H10                         -7.71501   79.7642   28.2669   39.7135    49.566   57.9931   71.2023   80.5203   93.2283         0         0         0     THERM
263    C2H5TXcC6H10                       6.21813   93.1437   37.7178   50.8105   62.0269   71.5979   86.6259    97.339   113.341         0         0         0     THERG
264    C2H5-3-PXC6H10                     25.8164   116.771   41.9988   53.0388   62.4992   70.5874   83.3907   92.7585   107.088         0         0         0     THERM
265    PAXCH2-2-1C6H11                    17.6763   101.802   37.1383   46.9359   55.2838   62.3822   73.5403   81.6464   93.8772         0         0         0     THERM
266    CH3-2-PXC4H6                       41.2404   88.1362    25.955   32.2336   37.6811   42.3967   49.9896   55.6508   64.3432         0         0         0     THERM
267    CH3-3-TAXC6H10                     11.9259   121.345   35.8445   45.5165   54.1118   61.6932   74.0792     83.23   95.8393         0         0         0     THERM
268    C2H5-4-SAX1C8H14                   1.56243   127.987   51.8243   66.1586   78.4916     89.07   105.853   118.095   136.312         0         0         0     THERM
269    C2H5-4-SAX1C7H12                   6.49377   118.569   46.3216   59.1675   70.2229   79.7079   94.7619   105.748    122.09         0         0         0     THERM
270    PAXCH2-2-1C5H9                     22.6076   92.3838   31.6408    39.937   47.0026   53.0085   62.4467   69.3035   79.6417         0         0         0     THERM
271    SAX5-3C8H15                        10.8951   111.381   40.4446   51.7236   61.4617   69.8425   83.1974   92.9824   107.547         0         0         0     THERM
272    SAX4-2C7H13                        15.6564   101.583   35.3024   44.8523   53.1616   60.3644   71.9444   80.4948   93.1971         0         0         0     THERM
273    PAXCH2-2-1C4H7                      28.339   82.9655   26.1705   32.9607   38.7405   43.6517   51.3683   56.9777   65.4358         0         0         0     THERM
274    PXCH2-3-1C7H13                     27.7267   115.571   41.5743   52.6447    62.163   70.3256   83.2889   92.7859   107.141         0         0         0     THERM
275    PX1-3C6H11                         36.2593   98.9652   30.1833   38.2051   45.1329   51.1005   60.6377    67.677   78.3768         0         0         0     THERM
276    PXCH2-3-1C6H11                     29.6276   127.645   36.8966   46.4761   54.8925   62.2477   74.1634   82.9618   95.4577         0         0         0     THERM
277    S4XC8H15                           26.5167   117.902    40.921    51.714   61.1181   69.2747    82.375   92.0026   106.246         0         0         0     THERM
278    PXCH2-2-C6H13                      3.30455   110.022   38.8578   49.2145      58.2   65.9735   78.4632   87.7241   101.767         0         0         0     THERM
279    PXCH2-2-C4H9                       12.3671   91.1855   27.8658   35.2495   41.6818   47.2695   56.3007   63.0457    73.319         0         0         0     THERM
280    PX10-5C10H19                       16.5339   136.638   52.1866    66.105   78.1192   88.4578   104.937   117.025   135.124         0         0         0     THERM
281    PXC4H8-2-1C6H11                    15.9537   135.608   53.0281   66.9952   78.9875   89.2577   105.538   117.444   135.454         0         0         0     THERM
282    C2H5-2-PXC6H10                     25.8164   116.771   41.9988   53.0388   62.4992   70.5874   83.3907   92.7585   107.088         0         0         0     THERM
283    CH2*                               102.745   45.2206   8.07749   8.32825   8.66216   9.04118   9.82869   10.5718   11.8984         0         0         0     L S/93
284    PXC2H4-4-1C8H15                    17.0639   134.408   52.5184   66.5819   78.6662   89.0212   105.442   117.441   135.524         0         0         0     THERM
285    PXC2H4-4-1C7H13                    21.9953   124.989   47.0523   59.6143   70.4128   79.6702    94.362   105.111   121.332         0         0         0     THERM
286    CH3-4-PXC6H10                      32.7181   101.109   36.9385    46.546   54.6747   61.5752   72.4903   80.4861   92.9204         0         0         0     THERM
287    CH3S3XcC6H10                       10.3968   88.2548   28.8109   40.4967   50.6526    59.424   73.3641   83.3574   97.0223         0         0         0     THERM
288    PX7-2C7H13                         31.0161   102.177   36.9936   46.1972   54.0789   60.8574   71.7895   79.9838   92.4311         0         0         0     THERG
289    CH3S2XcC6H10                       10.3968   88.2548   28.8109   40.4967   50.6526    59.424   73.3641   83.3574   97.0223         0         0         0     THERM
290    CH3-3-PXC6H10                      32.6677   102.107   39.2718   48.9447   57.1156    64.035   74.9298   82.8684   95.3199         0         0         0     THERG
291    CH3TXcC6H10                        11.3576   82.7159   32.0433   43.4963   53.3473   61.7999   75.1983   84.8134   98.2091         0         0         0     THERG
292    SAXcC6H9                           29.0995   75.1559   23.8124   32.4027   39.6945   45.8579   55.4094   62.1358   71.5009         0         0         0     7/28/  CBSQB3
293    SXC7H13                             31.448   108.484   35.4461   44.7338   52.8485   59.9044   71.2706   79.6447   92.0279         0         0         0     THERM
294    CH3-2-SXC6H12                     0.654396   111.853   38.0309   48.2279   57.1749   64.9893   77.6637   87.0902   101.157         0         0         0     THERM
295    PXC3H6-3-1C6H11                    18.9648   146.481   47.9402   60.6196   71.6323   81.1622    96.445   107.684   124.023         0         0         0     THERM
296    PX9-4C9H17                         21.4653    127.22   46.6287   59.1258   69.8945   79.1469   93.8702   104.666    120.95         0         0         0     THERM
297    C8H14-13                           3.58433   107.381   40.5428   51.5983   60.9237   68.7782   80.9843     89.78   103.266         0         0         0     THERM
298    CH3-2-PXC6H10                      30.5777   106.973   36.9488   46.1806   54.1782   61.0874   72.1675   80.3641    92.709         0         0         0     THERM
299    SAXcC6H7                           56.3018   69.5137   27.0879   34.4684   40.4706   45.3359   52.4882   57.3239   64.4735         0         0         0     7/31/ 9 THERM
300    S3XC7H13                            31.448   108.484   35.4461   44.7338   52.8485   59.9044   71.2706   79.6447   92.0279         0         0         0     THERM
301    SAXC7H13                           18.5966   100.233    35.565   45.2924    53.693   60.9235   72.4438   80.8771   93.4001         0         0         0     THERM
302    C3H7-2-PXC6H10                     20.8851   126.189   47.5475   60.0233   70.7354   79.9104   94.4616   105.114   121.262         0         0         0     THERM
303    PX1-3C8H15                         29.1668   116.071   41.7011   52.6861   62.1384   70.2479   83.1246   92.5434   106.814         0         0         0     THERM
304    PXC2H4-2-1C6H11                    25.8164   116.771   42.0576   53.0445   62.4788   70.5609   83.3864   92.7886   107.077         0         0         0     THERM
305    PXC2H4-2-1C4H7                     35.6791   97.9346   31.0978   39.1048   45.9807   51.8739   61.2417   68.1376   78.6923         0         0         0     THERM
306    C3H7-3-TAX1C7H13                 -0.387731   128.108    51.572   65.6794   77.8952   88.4357   105.281   117.646   136.026         0         0         0     THERM
307    SAX5-3C9H17                        5.96377   119.419   45.9388   58.6952   69.7052   79.1769   94.2603   105.301   121.736         0         0         0     THERM
308    SAX6-4C9H17                        5.96377   119.419   45.9388   58.6952   69.7052   79.1769   94.2603   105.301   121.736         0         0         0     THERM
309    C3H7-3-TAX1C6H10                   18.9648   146.481   47.9402   60.6196   71.6323   81.1622    96.445   107.684   124.023         0         0         0     THERM
310    PX8-3C8H15                         29.1668   116.071   41.7011   52.6861   62.1384   70.2479   83.1246   92.5434   106.814         0         0         0     THERM
311    cC6H8-13                           21.2192   65.2969   19.9304   29.3331    37.325    44.064   54.3727   61.3509   70.0714         0         0         0     CBSQB3
312    C2H5-2-SAX1C6H10                   10.3149   110.351   41.3858   52.5941   62.2634   70.5781   83.8115   93.4877   107.755         0         0         0     THERM
313    CH3-2-SAXC6H10                     15.0762   100.552   36.1789   45.7457   54.0219   61.1596   72.5714   80.9708   93.5184         0         0         0     THERM
314    C6H10-12                           29.0599   88.2106    30.027   37.4904    43.973   49.5611   58.4104   64.7749   74.6351         0         0         0     8/29/ 8 G
315    CH2-3-1C6H10                       8.28549    96.622   35.9809   45.5361   53.5258   60.2003   70.4739   77.8352   89.2668         0         0         0     THERM
316    CH2-3-1C7H12                       3.35416    106.04   41.4705   52.5092   61.7732   69.5386   81.5374   90.1515   103.455         0         0         0     THERM
317    C2H3-2-1C4H7                       13.2168   87.2038   30.4681   38.5662   45.2953   50.8834   59.4256   65.5224   75.0741         0         0         0     THERM
318    C2H5-3-TAX1C6H10                   8.55663   108.038   44.0618    54.814   64.0508   72.0106   84.8454    94.396   109.325         0         0         0     THERG
319    CH3-2-1C6H11                      -18.4275   104.362   37.6871   47.5541   56.0969   63.4732   75.2981   84.0521   97.3804         0         0         0     THERM
320    PXC2H4-2-1C5H9                     30.7477   107.353   36.5874   46.0757   54.2258   61.2112    72.308   80.4595   92.8831         0         0         0     THERM
321    CH2-3-1C5H8                       -11.1661   94.1233   32.9148   39.9875   46.7419   53.0621   64.0583   72.5363    83.166         0         0         0     THERM
322    SAX4-5C10H19                       1.03244   130.218   51.4149    65.665   77.9562    88.523   105.335   117.628   135.928         0         0         0     THERM
323    C5H8-12                            34.0074   78.8563   24.5584   30.5312   35.7305   40.2177   47.3254     52.44   60.3974         0         0         0     8/29/ 8 G
324    SAXC4H8-2-1C6H11                  0.452241   129.187   52.3439   66.5664   78.7987   89.2885   105.932   118.086   136.243         0         0         0     THERM
325    C3H7-2-SAXC6H10                    2.61851   117.638   46.8407   59.5788   70.4579   79.7181   94.2415   104.664   121.525         0         0         0     THERG
326    SAXC10H19                          3.80264   128.487   52.0163   66.2149    78.453   88.9657   105.669   117.857   135.972         0         0         0     THERM
327    SAXC9H17                           8.73397   119.069   46.5293   59.2326   70.1891   79.6072   94.5845   105.524   121.781         0         0         0     THERM
328    SAXC8H15                           13.6653   109.651   41.0567   52.2636   61.9373   70.2593    83.508   93.1968   107.589         0         0         0     THERM
329    C2H5-2-SAX1C5H9                    15.2462   100.933   35.8652   45.6286   54.0329    61.247   72.7122   81.1041   93.6326         0         0         0     THERM
330    SOOcC6O                           -79.0334   96.5927    34.663   46.0033   55.5583   63.5541   75.6919   83.8995   94.4778         0         0         0     therm
331    C2H5cC6H10OO                      -30.0001    105.55   44.5186   58.5727   70.7593    81.199   97.2727    107.57   112.408         0         0         0     
332    CH3cC6H10OO                       -25.5927   96.1915   39.0556   51.6073   62.5125   71.8569   86.1906   95.2302   98.1689         0         0         0     
333    C4H9cC6H10OO                       -39.895   124.265   55.4661   72.4785   87.2361   99.8889   119.449   132.229   140.922         0         0         0     
334    C2H5cC6H9OOH                      -17.7003    111.27   45.9595    59.597   71.4369   81.5915   97.2476   107.279   111.796         0         0         0     
335    C2H5-2-C4H513                      13.2168   87.2038   30.4681   38.5662   45.2953   50.8834   59.4256   65.5224   75.0741         0         0         0     THERM
336    C4H9cC6H9OOH                      -27.5952   129.985   56.9108   73.4963   87.9103   100.284   119.427   131.931   140.291         0         0         0     
337    CH3cC6H9OOH                       -13.2928   101.911   40.4949   52.6344   63.1914    72.248   86.1643    94.942   97.5447         0         0         0     
338    C3H7cC6H10OO                      -34.9476   114.908   50.0019   65.5129     78.99    90.548   108.367   119.888   126.669         0         0         0     
339    CH3-2-1C5H9                       -13.4962   94.9437   32.2144   40.5844   47.8438   54.1237   64.2196   71.7224   83.1875         0         0         0     THERM
340    CH3-2-1C4H7                       -7.76479   85.5255   26.7245   33.6137   39.5991   44.7867    53.153   59.4001    68.998         0         0         0     THERM
341    C3H7cC6H9OOH                      -22.6477   120.628   51.4279    66.557   79.6795    90.934   108.332   119.615   126.044         0         0         0     
342    CH3cC6H9O3                        -85.4835   103.953   47.6411    58.364   67.2297   74.5095   85.4118   93.3042   113.786         0         0         0     
343    C2H5cC6H9O3                        -89.891   113.308   53.1099   65.3216   75.4733   83.8544   96.4881   105.641   128.524         0         0         0     
344    C3H7cC6H9O3                       -94.8384   122.662   58.5727   72.2862   83.7217   93.1977   107.561   117.984   143.253         0         0         0     
345    C4H9cC6H9O3                       -99.7859   132.016   64.0403    79.244   91.9658   102.543   118.637   130.321   157.938         0         0         0     
