// rate library for f01: HAbstraction reaction
// original from rate library.txt, CDW 03/08/01
// SR and JS rename some nodes according to the tree and dictionary correction, Nov., 20, 2002
// JS, comment out 10th, change XH in 23 from C/Cd/H3 to C/H3/Cd
// JS, remove CO_birad to form a new family later: CO + RH -> HCO + R.  Aug, 26, 2003

// JS, define key word for format of the rate: either Arrhenius or Arrhenius_EP
Arrhenius_EP

//f01_intermolecular_HA
//No.		XH		Y_rad			Temp.		A		n	a	E0	DA	Dn	Da	DE0	Rank
1.		X_H	Y_rad_birad		300-1500	1E+05	0	0	10	0	0	0	0	0
2.		X_H	H_rad		300-1500	2.4E+08	1.5	0.65	9.4	0	0	0	0	5
3.		X_H	O_atom_triplet		300-1500	1.7E+08	1.5	0.75	6.6	0	0	0	0	5
4.		X_H	O_pri_rad		300-1500	1.2E+06	2.0	0.50	10.1	0	0	0	0	5
5.		X_H	O_sec_rad		300-1500	1.4E+04	2.69	0.60	11.3	0	0	0	0	5
6.		X_H	C_methyl		300-1500	8.1E+05	1.87	0.65	13.0	0	0	0	0	5
7.		C/H/Cs3	C_rad/Cs3		300-1500	1.30E-01	3.71	0	6.85	0	0	0	0	2
8.		C/H2/NonDeC	C_rad/Cs3		300-1500	1.26E+00	3.55	0	8.31	0	0	0	0	2
9.		C/H3/Cs	C_rad/Cs3		300-1500	2.85E+00	3.62	0	11.20	0	0	0	0	2
10.		C/H/Cs3	C_rad/H/NonDeC		300-1500	5.58E+01	3.01	0	7.34	0	0	0	0	2
11.		C/H2/NonDeC	C_rad/H/NonDeC		300-1500	1.52E+01	3.19	0	10.31	0	0	0	0	2
12.		C/H3/Cs	C_rad/H/NonDeC		300-1500	4.71E+01	3.23	0	12.27	0	0	0	0	2
13.		C/H/Cs3	C_rad/H2/Cs		300-1500	4.22E+03	2.51	0	8.06	0	0	0	0	2
14.		C/H2/NonDeC	C_rad/H2/Cs		300-1500	1.54E+03	2.66	0	10.10	0	0	0	0	2
15.		C/H3/Cs	C_rad/H2/Cs		300-1500	6.59E+02	2.71	0	12.92	0	0	0	0	2
16.		C/H/Cs3	C_methyl		300-1500	5.74E+05	1.83	0	6.94	0	0	0	0	2
17.		C/H2/NonDeC	C_methyl		300-1500	1.45E+06	1.77	0	8.53	0	0	0	0	2
18.		C/H3/Cs	C_methyl		300-1500	2.78E+05	1.9	0	11.05	0	0	0	0	2
19.		C_methane	C_methyl		300-1500	1.01E+04	2.47	0	13.96	0	0	0	0	2
20.		C/H/Cs3	H_rad		300-1500	4.83E+08	1.54	0	2.98	0	0	0	0	2
21.		C/H2/NonDeC	H_rad		300-1500	1.30E+08	1.69	0	4.78	0	0	0	0	2
22.		C/H3/Cs	H_rad		300-1500	6.28E+07	1.75	0	7.51	0	0	0	0	2
23.		C_methane	H_rad		300-1500	3.06E+07	1.87	0	10.59	0	0	0	0	2
24.		O/H/NonDeC	H_rad		300-1500	8.70E+08	1.39	0	10.07	0	0	0	0	2
25.		CO_pri	H_rad		300-1500	5.48E+07	1.82	0	2.44	0	0	0	0	2
26.		CO/H/NonDe	H_rad		300-1500	8.07E+07	1.76	0	0.67	0	0	0	0	2
27.		Cd_pri	H_rad		300-1500	2.53E+07	1.98	0	11.78	0	0	0	0	2
28.		Cd_pri	H_rad		300-1500	4.53E+03	2.43	0	8.85	0	0	0	0	2
29.		Cd_pri	H_rad		300-1500	1.46E+07	2.09	0	5.49	0	0	0	0	2
30.		Cd/H/NonDeC	H_rad		300-1500	2.98E+07	1.95	0	8.65	0	0	0	0	2
31.		C/H3/Cd	H_rad		300-1500	4.33E+05	2.38	0	2.80	0	0	0	0	2
32.		C/H2/OneDeC	H_rad		300-1500	6.99E+05	2.36	0	1.11	0	0	0	0	2
33.		C/H2/OneDeC	H_rad		300-1500	7.79E+07	1.78	0	2.11	0	0	0	0	2
34.		C/H/Cs2	H_rad		300-1500	3.02E+06	2.16	0	-0.45	0	0	0	0	2
35.		C/H/Cs2	H_rad		300-1500	1.21E+08	1.72	0	-0.73	0	0	0	0	2
36.		C/H2/TwoDe	H_rad		300-1500	7.09E+03	2.85	0	-1.90	0	0	0	0	2
37.		Cd/H/OneDe	H_rad		300-1500	1.93E+08	1.74	0	10.28	0	0	0	0	2
38.		Cd/H/OneDe	H_rad		300-1500	2.18E+06	2.4	0	6.11	0	0	0	0	2
39.		Ct_H	H_rad		300-1500	1.65E+08	1.85	0	26.52	0	0	0	0	2
40.		C/H3/Ct	H_rad		300-1500	2.70E+07	1.91	0	5.99	0	0	0	0	2
41.		Cd/H/NonDeO	H_rad		300-1500	9.67E+09	1.23	0	11.69	0	0	0	0	2
42.		O/H/OneDe	H_rad		300-1500	1.30E+11	0.82	0	7.75	0	0	0	0	2
43.		Cd_pri	C_methyl		300-1500	3.24E+03	2.58	0	14.04	0	0	0	0	2
44.		C/H3/Cd	C_methyl		300-1500	8.04E+01	2.92	0	7.16	0	0	0	0	2
45.		O/H/NonDeC	C_methyl		300-1500	2.54E+05	1.89	0	8.97	0	0	0	0	2
46.		CO/H/NonDe	C_methyl		300-1500	2.92E+04	2.29	0	5.44	0	0	0	0	2
47.		O/H/OneDe	C_methyl		300-1500	9.07E+04	2.04	0	10.85	0	0	0	0	2
48.		O/H/OneDe	H_rad		300-1500	3.30E+08	1.56	0	13.94	0	0	0	0	2
49.		CO/H/NonDe	C_methyl		300-1500	4.53E+03	2.43	0	8.85	0	0	0	0	2
50.		C_methane	C_methyl		300-1500	6.03E+13	0	0	19.0	0	0	0	0	3
51.		C/H3/Cs	C_methyl		300-1500	2.80E+14	0	0	16.1	0	0	0	0	3
52.		C/H3/Cs	C_methyl		300-1500	6.15E+13	0	0	15.9	0	0	0	0	3
53.		C/H3/Cs	C_methyl		300-1500	7.71E+12	0	0	13.5	0	0	0	0	3
54.		C/H2/NonDeC	C_methyl		300-1500	5.02E+13	0	0	13.7	0	0	0	0	3
55.		C/H/Cs3	C_methyl		300-1500	5.02E+13	0	0	11.3	0	0	0	0	3
56.		C/H/Cs3	C_methyl		300-1500	4.42E+13	0	0	11.3	0	0	0	0	3
57.		C/H3/Cd	C_methyl		300-1500	2.62E+13	0	0	12.3	0	0	0	0	3
58.		C/H2/OneDeC	C_methyl		300-1500	2.73E+13	0	0	10.4	0	0	0	0	3
59.		C/H/Cs2	C_methyl		300-1500	2.73E+13	0	0	8.9	0	0	0	0	3
60.		C/H2/TwoDe	C_methyl		300-1500	7.54E+13	0	0	8.1	0	0	0	0	3
61.		C/H/Cs	C_methyl		300-1500	9.32E+12	0	0	7.0	0	0	0	0	3
62.		C/H3/Cb	C_methyl		300-1500	4.90E+12	0	0	13.1	0	0	0	0	3
63.		C/H2/OneDeC	C_methyl		300-1500	1.70E+13	0	0	11.8	0	0	0	0	3
64.		C/H/Cs2	C_methyl		300-1500	1.17E+13	0	0	11.0	0	0	0	0	3
65.		C/H3/Ct	C_methyl		300-1500	6.60E+13	0	0	13.1	0	0	0	0	3
66.		C/H2/OneDeC	C_methyl		300-1500	2.81E+13	0	0	11.0	0	0	0	0	3
67.		C/H2/TwoDe	C_methyl		300-1500	1.38E+14	0	0	8.5	0	0	0	0	3
68.		C/H/Cs	C_methyl		300-1500	3.43E+13	0	0	7.1	0	0	0	0	3
69.		C/H/Cs2	C_methyl		300-1500	5.03E+13	0	0	9.1	0	0	0	0	3
70.		Cd_pri	C_methyl		300-1500	1.88E+14	0	0	18.6	0	0	0	0	3
71.		Cd/H/NonDeC	C_methyl		300-1500	4.43E+13	0	0	16.3	0	0	0	0	3
72.		Cd/H/OneDe	C_methyl		300-1500	5.78E+13	0	0	16.2	0	0	0	0	3
73.		Cd/H/OneDe	C_methyl		300-1500	2.26E+13	0	0	15.9	0	0	0	0	3
74.		Cd/H/OneDe	C_methyl		300-1500	4.37E+13	0	0	13.7	0	0	0	0	3
75.		Ct_H	C_methyl		300-1500	3.33E+18	0	0	28.0	0	0	0	0	3
76.		Cb_H	C_methyl		300-1500	1.17E+15	0	0	19.9	0	0	0	0	3
77.		C/H2/NonDeC	C_methyl		300-1500	9.87E+14	0	0	13.5	0	0	0	0	3
78.		C/H2/NonDeC	C_methyl		300-1500	4.51E+12	0	0	12.6	0	0	0	0	3
79.		C/H/Cs3	C_methyl		300-1500	2.46E+13	0	0	11.0	0	0	0	0	3
80.		C/H2/OneDeC	C_methyl		300-1500	5.98E+13	0	0	9.6	0	0	0	0	3
81.		C_methane	H_rad		300-1500	1.87E+14	0	0	14.2	0	0	0	0	3
82.		C_methane	C_methyl		300-1500	6.03E+13	0	0	19.0	0	0	0	0	3
83.		C_methane	C_rad/H2/Cd		300-1500	1.53E+14	0	0	30.6	0	0	0	0	3
84.		C_methane	Cd_pri_rad		300-1500	1.59E+14	0	0	13.7	0	0	0	0	3
85.		C_methane	C_rad/Cs3		300-1500	1.86E+13	0	0	20.2	0	0	0	0	3
86.		C/H/Cs3	H_rad		300-1500	5.31E+13	0	0	5.9	0	0	0	0	3
87.		C/H/Cs3	C_methyl		300-1500	5.02E+13	0	0	11.3	0	0	0	0	3
88.		C/H/Cs3	C_rad/H2/Cd		300-1500	5.02E+13	0	0	20.5	0	0	0	0	3
89.		C/H/Cs3	Cd_pri_rad		300-1500	8.95E+13	0	0	6.2	0	0	0	0	3
90.		C/H/Cs3	C_rad/Cs3		300-1500	5.43E+11	0	0	11.6	0	0	0	0	3
91.		C/H/Cs3	C_rad/H2/Cs		300-1500	3.03E+12	0	0	12.2	0	0	0	0	3
92.		C/H/Cs3	C_rad/H/NonDeC		300-1500	2.44E+12	0	0	12.3	0	0	0	0	3
93.		C/H/Cs3	C_rad/H/OneDeC		300-1500	5.46E+12	0	0	21.7	0	0	0	0	3
94.		C/H/Cs3	C_rad/Cs2		300-1500	1.10E+12	0	0	21.6	0	0	0	0	3
95.		C/H/Cs3	Cd_rad/NonDeC		300-1500	1.02E+11	0	0	5.3	0	0	0	0	3
96.		C/H/Cs3	Cd_rad/OneDe		300-1500	4.16E+12	0	0	13.2	0	0	0	0	3
97.		C/H/Cs3	C_rad/H2/Ct		300-1500	3.14E+13	0	0	17.0	0	0	0	0	3
98.		C/H/Cs3	C_rad/H/OneDeC		300-1500	2.53E+12	0	0	18.0	0	0	0	0	3
99.		C/H/Cs3	C_rad/Cs2		300-1500	9.78E+11	0	0	18.4	0	0	0	0	3
100.		Cd_pri	H_rad		300-1500	3.39E+14	0	0	15.3	0	0	0	0	3
101.		Cd_pri	C_methyl		300-1500	1.88E+14	0	0	18.6	0	0	0	0	3
102.		Cd_pri	C_rad/H2/Cd		300-1500	5.36E+13	0	0	30.7	0	0	0	0	3
103.		Cd_pri	Cd_pri_rad		300-1500	1.47E+13	0	0	13.1	0	0	0	0	3
104.		Cd_pri	C_rad/Cs3		300-1500	3.93E+13	0	0	20.1	0	0	0	0	3
105.		Cd_pri	C_rad/H2/Cs		300-1500	7.82E+12	0	0	19.7	0	0	0	0	3
106.		Cd_pri	C_rad/H/NonDeC		300-1500	3.25E+12	0	0	20.2	0	0	0	0	3
107.		Cd_pri	C_rad/H/OneDeC		300-1500	1.51E+13	0	0	31.7	0	0	0	0	3
108.		Cd_pri	C_rad/Cs2		300-1500	3.39E+12	0	0	38.5	0	0	0	0	3
109.		Cd_pri	Cd_rad/NonDeC		300-1500	6.04E+13	0	0	14.0	0	0	0	0	3
110.		Cd_pri	Cd_rad/OneDe		300-1500	1.30E+13	0	0	20.6	0	0	0	0	3
111.		Cd_pri	C_rad/H2/Ct		300-1500	2.55E+13	0	0	26.8	0	0	0	0	3
112.		Cd_pri	C_rad/H/OneDeC		300-1500	4.41E+12	0	0	28.1	0	0	0	0	3
113.		Cd_pri	C_rad/Cs2		300-1500	3.59E+12	0	0	35.6	0	0	0	0	3
114.		C/H3/Cd	H_rad		300-1500	3.13E+13	0	0	7.3	0	0	0	0	3
115.		C/H3/Cd	C_methyl		300-1500	2.62E+13	0	0	12.3	0	0	0	0	3
116.		C/H3/Cd	C_rad/H2/Cd		300-1500	5.78E+12	0	0	21.4	0	0	0	0	3
117.		C/H3/Cd	Cd_pri_rad		300-1500	7.73E+12	0	0	7.5	0	0	0	0	3
118.		C/H3/Cd	C_rad/Cs3		300-1500	3.18E+12	0	0	11.2	0	0	0	0	3
119.		C/H3/Cd	C_rad/H2/Cs		300-1500	5.60E+11	0	0	12.4	0	0	0	0	3
120.		C/H3/Cd	C_rad/H/NonDeC		300-1500	2.87E+11	0	0	12.3	0	0	0	0	3
121.		C/H3/Cd	C_rad/H/OneDeC		300-1500	1.52E+12	0	0	21.4	0	0	0	0	3
122.		C/H3/Cd	C_rad/Cs2		300-1500	4.13E+11	0	0	21.1	0	0	0	0	3
123.		C/H3/Cd	Cd_rad/NonDeC		300-1500	5.52E+12	0	0	7.5	0	0	0	0	3
124.		C/H3/Cd	Cd_rad/OneDe		300-1500	1.95E+12	0	0	14.2	0	0	0	0	3
125.		C/H3/Cd	C_rad/H2/Ct		300-1500	7.58E+12	0	0	18.2	0	0	0	0	3
126.		C/H3/Cd	C_rad/H/OneDeC		300-1500	5.09E+11	0	0	18.5	0	0	0	0	3
127.		C/H3/Cd	C_rad/Cs2		300-1500	3.32E+11	0	0	18.4	0	0	0	0	3
128.		H2	H_rad		300-1500	2.37E+13	0	0	9.4	0	0	0	0	3
129.		H2	C_methyl		300-1500	2.95E+12	0	0	14.1	0	0	0	0	3
130.		H2	C_rad/H2/Cd		300-1500	2.87E+12	0	0	25.6	0	0	0	0	3
131.		H2	Cd_pri_rad		300-1500	4.49E+12	0	0	10.3	0	0	0	0	3
132.		H2	C_rad/Cs3		300-1500	3.08E+11	0	0	14.8	0	0	0	0	3
133.		H2	C_rad/H2/Cs		300-1500	4.57E+11	0	0	14.8	0	0	0	0	3
134.		H2	C_rad/H/NonDeC		300-1500	3.04E+11	0	0	15.1	0	0	0	0	3
135.		H2	C_rad/H/OneDeC		300-1500	1.82E+12	0	0	27.0	0	0	0	0	3
136.		H2	C_rad/Cs2		300-1500	4.30E+11	0	0	27.6	0	0	0	0	3
137.		H2	Cd_rad/NonDeC		300-1500	3.01E+12	0	0	10.6	0	0	0	0	3
138.		H2	Cd_rad/OneDe		300-1500	2.37E+12	0	0	18.2	0	0	0	0	3
139.		H2	C_rad/H2/Ct		300-1500	2.91E+12	0	0	23.0	0	0	0	0	3
140.		H2	C_rad/H/OneDeC		300-1500	5.34E+11	0	0	24.0	0	0	0	0	3
141.		H2	C_rad/Cs2		300-1500	4.20E+11	0	0	24.7	0	0	0	0	3
142.		C/H3/Cs	O_pri_rad		300-1500	2.63E+07	1.80	0	0.278	0	0	0	0	5
143.		C/H2/NonDeC	O_pri_rad		300-1500	9.00E+05	2.00	0	-1.133	0	0	0	0	5
144.		C/H/Cs3	O_pri_rad		300-1500	1.70E+06	1.90	0	-1.451	0	0	0	0	5
145.		C/H3/Cs	O_atom_triplet		300-1500	8.55E+03	3.05	0	3.123	0	0	0	0	5
146.		C/H2/NonDeC	O_atom_triplet		300-1500	4.77E+04	2.71	0	2.106	0	0	0	0	5
147.		C/H/Cs3	O_atom_triplet		300-1500	3.83E+05	2.41	0	0.893	0	0	0	0	5
148.		C/H3/Cs	O_rad/NonDeO		300-1500	2.52E+13	0	0	20.435	0	0	0	0	5
149.		C/H2/NonDeC	O_rad/NonDeO		300-1500	5.60E+12	0	0	17.686	0	0	0	0	5
150.		C/H/Cs3	O_rad/NonDeO		300-1500	2.80E+12	0	0	16.013	0	0	0	0	5
151.		C/H3/Cs	O_rad/NonDeC		300-1500	4.74E+11	0	0	7.000	0	0	0	0	5
152.		C/H2/NonDeC	O_rad/NonDeC		300-1500	1.10E+11	0	0	5.000	0	0	0	0	5
153.		C/H/Cs3	O_rad/NonDeC		300-1500	1.90E+10	0	0	2.800	0	0	0	0	5
154.		C/H3/Cs	O2b		300-1500	6.30E+13	0	0	50.76	0	0	0	0	5
155.		C/H2/NonDeC	O2b		300-1500	1.40E+13	0	0	48.21	0	0	0	0	5
156.		C/H/Cs3	O2b		300-1500	7.00E+12	0	0	46.06	0	0	0	0	5
157.		H2	O2b		298-1000	7.25E+13	0	0	56.64	*5.0	0	0	0	4
158.		H2	Cd_pri_rad		200-3000	4.73E+03	2.56	0	5.03	0	0	0	0	3
159.		H2	Cd_pri_rad		300-3500	1.11E+04	2.48	0	7.13	0	0	0	0	3
160.		H2	Cd_pri_rad		300-1500	1.58E+09	0.70	0	5.11	0	0	0	0	3
161.		H2	Ct_rad		300-2500	5.4E+12	0	0	2.17	*3.16	0	0	0	4
162.		H2	Cb_rad		300-5000	2.86E+04	2.43	0	6.28	0	0	0	0	3
163.		H2	CO_pri_rad		300-2500	9.0E+05	2.00	0	17.83	*5	0	0	0	4
164.		H2	CO_rad/NonDe		300-2500	2.06E+06	1.82	0	17.61	*3.0	0	0	0	4
165.		H2	O_pri_rad		200-2400	9.10E+08	1.21	0	4.71	0	0	0	0	3
166.		H2	O_rad/NonDeC		300-2000	6.32E-02	4.00	0	4.91	0	0	0	0	2
167.		C_methane	O2b		500-2000	9.925E+12	0	0	56.83	*10.0	0	0	0	4
168.		C_methane	C_rad/H2/Cs		300-2500	2.16E-02	4.14	0	12.56	*2.0	0	0	0	4
169.		C_methane	C_rad/H/NonDeC		300-2500	1.81E-04	4.40	0	10.79	*3.0	0	0	0	4
170.		C_methane	Ct_rad		300-2500	4.53E+11	0	0	0.50	*3.0	0	0	0	4
171.		C_methane	Cb_rad		560-1410	5.0E+11	0	0	8.60	0	0	0	0	2
172.		C_methane	CO_pri_rad		300-2500	1.82E+03	2.85	0	22.46	*5.0	0	0	0	4
173.		C_methane	CO_rad/NonDe		300-2500	5.43E+02	2.88	0	21.46	*5.0	0	0	0	4
174.		C_methane	O_pri_rad		223-2400	3.85E-01	3.95	0	0.55	0	0	0	0	3
175.		C_methane	O_pri_rad		250-2500	3.93E+06	1.83	0	2.78	*1.41	0	0	0	4
176.		C_methane	O_pri_rad		298-1510	2.55E+07	1.60	0	3.12	0	0	0	0	3
177.		C_methane	O_rad/NonDeC		300-2000	1.55E-04	5.00	0	5.58	0	0	0	0	2
178.		C_methane	O_rad/NonDeO		300-2500	4.53E+10	0	0	18.58	*5.0	0	0	0	4
179.		C/H3/Cs	O2b		500-2000	1.005E+13	0	0	51.87	*10.0	0	0	0	4
180.		C/H3/Cs	Ct_rad		300-1500	6.02E+11	0	0	0	*3	0	0	0	4
181.		C/H3/Cs	Cb_rad		565-1000	3.48E+10	0	0	4.44	*2.35	0	0	0.18	2
182.		C/H3/Cs	CO_pri_rad		300-2500	7.82E+03	2.72	0	18.24	*5.0	0	0	0	4
183.		C/H3/Cs	CO_rad/NonDe		300-2500	3.02E+03	2.75	0	17.53	*5.0	0	0	0	4
184.		C/H3/Cs	O_pri_rad		250-2000	1.20E+06	2.00	0	0.86	*1.41	0	0	0	4
185.		C/H3/CO	O_pri_rad		295-600	5.17E+05	2.20	0	1.00	0	0	0	0	3
186.		C/H3/O	C_methyl		300-2000	2.05E-04	4.90	0	6.72	0	0	0	0	2
187.		C/H3/O	O_pri_rad		300-2000	8.14E+03	2.80	0	-0.42	0	0	0	0	2
188.		C/H2/NonDeC	O2b		300-2500	1.985E+13	0	0	47.69	*10.0	0	0	0	4
189.		C/H2/NonDeC	CH2_triplet		300-2500	7.55E-01	3.46	0	7.47	*10.0	0	0	0	4
190.		C/H2/NonDeC	O_atom_triplet		300-2500	2.39E+04	2.71	0	2.11	*2.0	0	0	0	4
191.		C/H2/NonDeC	C_rad/H2/O		300-2500	3.02E+01	2.95	0	11.98	*5.0	0	0	0	4
192.		C/H2/NonDeC	Cd_pri_rad		300-2500	5.10E+02	3.10	0	8.82	*10.0	0	0	0	4
193.		C/H2/NonDeC	Ct_rad		300-2500	6.05E+11	0	0	0	*3.0	0	0	0	4
194.		C/H2/NonDeC	CO_pri_rad		300-2500	5.4E+06	1.90	0	17.01	*3.0	0	0	0	4
195.		C/H2/NonDeC	CO_rad/NonDe		300-2500	2.65E+06	2.00	0	16.24	*3.0	0	0	0	4
196.		C/H2/NonDeC	O_pri_rad		295-1220	3.95E+06	1.90	0	0.16	0	0	0	0	3
197.		C/H2/NonDeC	O_rad/NonDeC		300-2500	7.25E+10	0	0	4.57	*5.0	0	0	0	4
198.		C/H/Cs3	O2b		300-2500	3.97E+13	0	0	43.92	*3.0	0	0	0	4
199.		C/H/Cs3	O_atom_triplet		300-2500	1.57E+05	2.50	0	1.11	*2.0	0	0	0	4
200.		C/H/Cs3	CH2_triplet		300-2500	1.09E+12	0	0	4.91	*5.0	0	0	0	4
201.		C/H/Cs3	Cd_pri_rad		300-2500	9.04E-01	3.46	0	2.60	*5.0	0	0	0	4
202.		C/H/Cs3	Ct_rad		300-2500	6.62E+11	0	0	0	*3.0	0	0	0	4
203.		C/H/Cs3	CO_pri_rad		300-2500	3.43E+04	2.50	0	13.51	*5.0	0	0	0	4
204.		C/H/Cs3	CO_rad/NonDe		300-2500	3.43E+04	2.50	0	13.51	*10.0	0	0	0	4
205.		C/H/Cs3	O_pri_rad		298-1150	2.57E+06	1.90	0	1.45	0	0	0	0	3
206.		C/H/Cs3	O_rad/NonDeC		300-2500	2.29E+10	0	0	2.88	*10.0	0	0	0	4
207.		Cd_pri	O2b		300-2500	1.055E+13	0	0	57.63	*5.0	0	0	0	4
//208.		Cd_pri	CO_birad		300-2500	3.78E+13	0	0	90.62	*5.0	0	0	0	4
209.		Cd_pri	O_atom_triplet		290-1510	3.78E+06	1.91	0	3.74	0	0	0	0	3
210.		Cd_pri	C_rad/H2/Cs		300-2500	1.58E+02	3.13	0	18.00	*5.0	0	0	0	4
211.		Cd_pri	O_pri_rad		650-1500	5.13E+12	0	0	5.94	*3.16	0	0	0	4
212.		Cd/H/NonDeC	O_atom_triplet		300-2500	6.02E+10	0.70	0	7.63	*3.0	0	0	0	4
213.		Cd/H/NonDeC	H_rad		300-2500	2.37E+00	0	0	7.31	*5.0	0	0	0	4
214.		Cd/H/NonDeC	C_methyl		300-2500	3.8E-01	0	0	5.98	*100.0	0	0	0	4
215.		Cd/H/NonDeC	Cd_pri_rad		300-2500	3.8E-01	0	0	4.99	*10.0	0	0	0	4
216.		Cd/H/NonDeC	Ct_rad		300-2500	1.21E+12	0	0	0	*5.0	0	0	0	4
217.		Cd/H/NonDeC	O_pri_rad		300-2500	1.11E+06	2.00	0	1.45	0	0	0	0	4
218.		Ct_H	O2b		300-2500	6.05E+12	0	0	74.52	*5.0	0	0	0	4
//219.		Ct_H	CO_birad		300-2500	2.41E+14	0	0	107	*5.0	0	0	0	4
220.		Ct_H	C_rad/H2/Cs		300-2500	1.36E+11	0	0	23.45	*5.0	0	0	0	4
221.		Ct_H	O_pri_rad		300-2500	7.25E+03	2.68	0	12.04	*5.0	0	0	0	4
222.		Cb_H	O2b		1200-1700	1.052E+13	0	0	60.01	0	0	0	0	4
223.		Cb_H	H_rad		500-800	1.00E+08	1.80	0	16.35	0	0	0	0	4
224.		Cb_H	H_rad		298-1000	5.02E+11	0	0	8.11	0	0	0	0	5
225.		Cb_H	C_rad/H2/Cs		650-770	1.05E+11	0	0	14.86	*2.0	0	0	1.19	5
226.		Cb_H	O_pri_rad		400-1500	2.72E+07	1.42	0	1.45	*2.0	0	0	0	4
227.		CO_pri	O2b		300-2200	2.34E+07	2.05	0	37.93	0	0	0	0	3
228.		CO_pri	O_atom_triplet		250-2200	2.08E+11	0.57	0	2.76	*2.0	0	0	0	4
229.		CO_pri	CH2_triplet		300-2500	3.02E+09	0	0	0	0	0	0	0	4
230.		CO_pri	C_methyl		300-2000	3.89E-08	6.10	0	1.97	*1.58	0	0	0	4
231.		CO_pri	C_rad/H2/Cs		300-2500	2.75E+03	2.81	0	5.86	*5.0	0	0	0	4
232.		CO_pri	C_rad/H/NonDeC		300-2500	5.40E+10	0	0	6.96	*2.5	0	0	0	4
233.		CO_pri	C_rad/Cs3		300-2500	1.63E+09	0	0	3.56	*5.0	0	0	0	4
234.		CO_pri	Cd_pri_rad		300-2500	2.71E+03	2.81	0	5.86	*5.0	0	0	0	4
235.		CO_pri	CO_rad/NonDe		300-2500	9.05E+10	0	0	12.92	*5.0	0	0	0	4
236.		CO_pri	O_pri_rad		300-3000	1.72E+09	1.18	0	-0.45	*10.0	0	0	0	4
237.		CO_pri	O_rad/NonDeC		300-2500	5.10E+10	0	0	2.98	*3.0	0	0	0	4
238.		CO_pri	O_rad/NonDeO		641-1600	2.06E+04	2.50	0	10.21	0	0	0	0	4
239.		CO/H/NonDe	O2b		600-1100	3.01E+13	0	0	39.15	*1.0	0	0	0	4
240.		CO/H/NonDe	O_atom_triplet		300-2000	5.0E+12	0	0	1.79	*2.0	0	0	0	4
241.		CO/H/NonDe	H_rad		300-2000	4.0E+13	0	0	4.21	*2.0	0	0	0	4
242.		CO/H/NonDe	C_methyl		300-1250	1.99E-06	5.64	0	2.46	*2.0	0	0	0	4
243.		CO/H/NonDe	C_rad/H2/Cd		790-810	3.8E+11	0	0	7.21	0	0	0	0	5
244.		CO/H/NonDe	Cd_pri_rad		480-520	8.13E+10	0	0	3.68	0	0	0	0	5
245.		CO/H/NonDe	O_pri_rad		295-600	2.0E+06	1.80	0	1.30	0	0	0	0	3
246.		CO/H/NonDe	O_pri_rad		300-2000	1.0E+13	0	0	0	*2.51	0	0	0	4
247.		CO/H/NonDe	O_rad/NonDeO		900-1200	3.01E+12	0	0	11.92	*10.0	0	0	0	4
248.		O_pri	O2b		300-1000	2.325E+12	0	0	74.12	0	0	0	0	5
249.		O_pri	O_atom_triplet		298-1000	2.63E+09	1.20	0	17.83	0	0	0	0	3
250.		O_pri	O_atom_triplet		300-2000	7.40E+04	2.60	0	15.18	0	0	0	0	3
251.		O_pri	H_rad		300-2500	2.26E+08	1.60	0	19.32	0	0	0	0	4
252.		O_pri	C_methyl		300-1500	3.20E+00	3.31	0	12.56	0	0	0	0	3
253.		O_pri	C_methyl		300-2500	2.42E+02	2.90	0	14.86	*1.6	0	0	0	4
254.		O_pri	C_rad/H2/Cs		300-2500	1.70E+06	1.44	0	20.27	*2.0	0	0	0	4
255.		O_pri	Cd_pri_rad		300-2500	2.42E+02	2.90	0	14.86	*5.0	0	0	0	4
256.		O_pri	CO_pri_rad		300-2500	1.18E+08	1.35	0	26.03	*5.0	0	0	0	4
257.		O_pri	O_pri_rad		200-700	6.45E-06	5.01	0	0.61	0	0	0	0	3
258.		O_pri	O_rad/NonDeC		300-2000	1.74E-01	3.80	0	11.49	0	0	0	0	2
259.		O/H/NonDeC	O_atom_triplet		300-1000	1.0E+13	0	0	4.69	*2.51	0	0	0	4
260.		O/H/NonDeC	CH2_triplet		300-2500	1.44E+01	3.10	0	6.94	0	0	0	0	4
261.		O/H/NonDeC	C_methyl		300-2500	3.70E-04	4.70	0	5.78	0	0	0	0	2
262.		O/H/NonDeC	C_rad/H2/Cs		300-2500	1.44E+01	3.10	0	8.94	*3.0	0	0	0	4
263.		O/H/NonDeC	C_rad/H/NonDeC		300-2500	1.45E+01	3.10	0	10.33	*5.0	0	0	0	4
264.		O/H/NonDeC	C_rad/Cs3		300-2500	1.51E+03	1.80	0	9.36	*10.0	0	0	0	4
265.		O/H/NonDeC	Cd_pri_rad		300-2500	1.44E+01	3.10	0	6.94	*5.0	0	0	0	4
266.		O/H/NonDeC	Ct_rad		300-2500	1.21E+12	0	0	0	*5.0	0	0	0	4
267.		O/H/NonDeC	O_pri_rad		300-2000	1.73E+01	3.40	0	-1.14	0	0	0	0	2
268.		O/H/NonDeC	O_pri_rad		300-2000	1.0E+13	0	0	1.70	*3.16	0	0	0	4

