////////////////////////////////////////////////////////////////////////////////
//
//  /home/alongd/Code/RMG-Py/importer/Hashemi library
//
////////////////////////////////////////////////////////////////////////////////

1      H2O2                              -32.4775   56.0515   10.1545   11.0888    11.993    12.792   13.9898   14.9466    16.592         0         0         0     DOROFEEVA e  T 8/03
2      OH                                 8.91384   43.9106   7.14096    7.0682   7.04647   7.05877      7.15   7.33595   7.88498         0         0         0     HYDROXYL RADI  IU3/03
3      H2                               -0.00103378   31.2299   6.89551   6.99749   7.00231   6.99203   7.07836   7.20917     7.734         0         0         0     REF ELEMENT    tpis78
4      H                                  52.1019   27.4156   4.96802   4.96802   4.96802   4.96802   4.96802   4.96802   4.96802         0         0         0     
5      O                                  59.5532   38.4916   5.23431   5.12961   5.07812   5.05211     5.016   5.00102   4.98298         0         0         0     L 1/90
6      H2O                               -57.7987    45.127   8.02975    8.1902   8.41637   8.68086   9.25743   9.86969    11.313         0         0         0     L 5/89
7      HO2                                2.93755   54.7531   8.34848   8.88613   9.46512   9.99542   10.7715   11.3804   12.4827         0         0         0     T 1/09
8      O2                               -0.00105322   49.0281   7.02393   7.19919   7.42914   7.66798   8.06637   8.33724   8.72543         0         0         0     REF ELEMENT    TPIS89
9      AR                               -0.000745202   37.0066   4.96802   4.96802   4.96802   4.96802   4.96802   4.96802   4.96802         0         0         0     REF ELEMENT    g 5/97
10     N2                               -0.00104413   45.7921   6.96114   6.99667   7.07403   7.19204   7.51161   7.81139   8.30942         0         0         0     REF ELEMENT   G 8/02
11     HE                               -0.000745202   30.1488   4.96802   4.96802   4.96802   4.96802   4.96802   4.96802   4.96802         0         0         0     REF ELEMENT    g 5/97
12     CO                                -26.4182   47.2375   6.96537   7.02076   7.12495   7.26935   7.62282   7.92612   8.39672         0         0         0     RUS 79
13     CO2                                -94.052   51.0917   8.89525   9.86557   10.6645   11.3183   12.2921    12.983   13.9161         0         0         0     L 7/88
14     CH4                                -17.831   44.5256   8.52797    9.6481   11.0401   12.4824   15.0377   17.1644   20.5852         0         0         0     RRHO        g 8/99
15     CH3                                35.0608   46.3643   9.19619   9.97722   10.7546   11.5024   12.8638   14.0888   16.2479         0         0         0     IU0702
16     CH3OH                             -48.0415   57.5127   10.2858   12.0713    14.071   15.9826   19.0007   21.3812   25.0679         0         0         0     Methyl alc  T06/02
17     C                                  171.358   35.5788   4.96795   4.96805    4.9681   4.96809   4.96798   4.96798   4.96803         0         0         0     E Goos A Burcat B Ruscic Ideal gas thermochemical database with updates from active thermochemical
18     CH                                 142.569   43.6913   6.95577   6.96514   6.99985   7.06715   7.29251   7.55504   8.08769         0         0         0     DHf(0K) =   170.13 [kcal/mol], taken from SJK v0.9.
19     C2H                                135.767   50.9723   10.0478   10.5401   10.8828   11.1904   11.9017    12.564   13.8784         0         0         0     Ethynyl Rad   T 5/10
20     C2H4                               12.5462   52.4139   10.2903   12.5821   14.8854   16.9547   20.0535   22.4898   26.1934         0         0         0     g 1/00
21     C2H5                                28.607   58.0681   12.1567   14.6425   17.1253   19.3916   22.9597   25.7937   30.1683         0         0         0     ethyl radic  IU1/07
22     C2H6                              -20.0428   54.7786   12.6002   15.5707   18.5805   21.3616   25.8061   29.3225   34.7104         0         0         0     g 8/88
23     CH3O                                5.0176   55.9887   10.2008    12.052   13.8628   15.4698   17.8625    19.701   22.2502         0         0         0     METHOXY RA  IU1/03
24     CH2OH                              -4.0648   58.3523   11.3552   12.7923   14.1661   15.3593   17.0856   18.4412    20.594         0         0         0     RADICAL     IU2/03
25     CH2(S)                             102.719   45.1943   8.07156   8.31551   8.64003   9.00839   9.77642   10.5125   11.8445         0         0         0     DHf(0K) =    93.49 [kcal/mol], taken from SJK v0.9.
26     C2H3                               70.8825   55.8415   10.0867   11.8139   13.4579   14.8994   17.0588   18.7829   21.5072         0         0         0     Vinyl Radi  ATcT/A
27     CH2O                               -26.092   52.2814    8.4712   9.36336   10.4379   11.5255   13.3762   14.8169   16.9296         0         0         0     Formaldehyde T 5/11
28     C2H2                               54.5393   48.0147   10.5484   12.0145   13.0774   13.8886   15.1601   16.2307   18.1421         0         0         0     g 1/91
29     HCO                                10.1087   53.5998   8.29574   8.74882   9.28684   9.84361    10.853   11.6649   12.9432         0         0         0     T 5/03
30     CH2                                93.6044   46.6376   8.30465   8.64573   8.98426   9.30373   9.88114   10.4929   11.6986         0         0         0     DHf(0K) =   141.76 [kcal/mol], taken from SJK v0.9.
31     HOCO                              -44.3307   60.0724   10.6904   12.0105   13.1238   14.0373   15.3549   16.2671   17.7003         0         0         0     FAB/JAN05
32     CH3OO                              3.05822     64.46   11.9081   14.0073   15.9847   17.7817   20.7211   22.8373   26.1495         0         0         0     E Goos A Burcat B Ruscic Ideal gas thermochemical database with updates from active thermochemical
33     HOCHO                             -90.4973   59.0647   9.90066   11.5053   13.0899   14.4988   16.5746   18.1192   20.3934         0         0         0     FORMIC ACID A 5/14
34     CH3OOH                            -30.5122   67.1347   14.4874   16.9861   19.2192   21.1785   24.3099   26.5823   30.2716         0         0         0     Marshall and Glarborg, Proc. Combust. Inst. 35 (2015) 153–160
35     OCHO                              -30.4517   61.2791   11.6514   12.8842   13.9665    14.894   16.3054    17.237   18.5191         0         0         0     1104
36     CH3CH2O                           -2.74366    65.139   15.2326   18.5324   21.5754    24.226   28.2586   31.3478   35.9635         0         0         0     T06/11
37     CH2OOH                             15.7844   65.8874   14.9354   17.1619   19.3456   21.2864   24.1664   26.3138   29.4252         0         0         0     H298 = 15.79 kcal/mol [JAN/ROS04]
38     CH3CHO                            -39.7222   63.0791   13.2663    15.782   18.2921    20.582   24.1671   26.9139   30.9598         0         0         0     L 8/88
39     CH3CH2OH                          -56.1565   67.0551   15.6747   19.3115   22.8403   25.9588   30.5948    34.156   39.5304         0         0         0     L 8/88
40     CH2CHO                             3.04611   61.8524   12.5707   15.0369   17.2514   19.1396   21.9364   24.0226   27.1311         0         0         0     Vinyl-  T04/06
41     CH2CH2OH                          -6.17355   71.1266   16.3935   19.3401   22.0381   24.3765   27.9273   30.6923   34.9983         0         0         0     T05/11
42     CH3CHOH                           -13.2161   69.0624   15.3602   18.3068   21.0673   23.4871    27.165   30.0212   34.5239         0         0         0     T06/11
43     CH2CHOH                           -29.8022   65.5239   15.7645   18.8803   21.5427   23.7401   26.9384   29.3618    33.059         0         0         0     T03/10
44     CH3CO                             -2.46358   63.9155    12.176   14.2684   16.2993    18.129   20.9908   23.1956   26.3429         0         0         0     RADICAL    IU2/03
45     CHCHOH                             32.2058   62.8182   14.6479   17.7808   19.9994   21.5825   23.6455   24.9529   27.0044         0         0         0     Lopez et al., Experimental and Kinetic Modeling Study of C2H2 Oxidation at High Pressure, Int. J. Chem. Kin., 2016
46     CH2CO                             -11.6125   60.0895   12.4029   14.2019   15.6774   16.8974   18.7963   20.2519   22.4855         0         0         0     g 4/02
47     HCCOH                              22.2978   59.6354   13.8005   15.4452   16.6728   17.6402    19.187    20.398   22.4318         0         0         0     Ethynol   T12/09
48     CH2CHOOH                          -8.80007   64.3814   18.6697    21.813   24.4677   26.7004   30.1399   32.5577   36.1227         0         0         0     0
49     HCCO                               42.6127   58.8868   11.9729   13.2699   14.2068   14.9303   16.0825   16.9346   18.2688         0         0         0     T 4/09
50     CH2CHOO                            25.6494   69.3468   16.5004   19.5791    22.094   24.1388   27.1487   29.1804   32.3758         0         0         0     0
51     CH3CH2OO                           -6.8627   73.8424    18.274   22.1459   25.7086   28.7533   33.1397   36.3775   41.0319         0         0         0     J Gimenez CL Rasmussen MU Alzueta P Marshall P Glarborg Proc. Combust. Inst. 32 (2009) 367-375
52     HOCH2CH2OO                        -40.3416   77.8717   20.7701   25.4808   29.4663   32.8301   38.0601   41.8101   47.5302         0         0         0     Bozzelli 2015; PM
53     CH3CH2OOH                         -38.7407   75.4534    19.382   23.7862   27.8021   31.2121   36.0865   39.6375   44.8355         0         0         0     T02/10
54     CH2CH2OOH                          11.8379   72.2468    20.469   24.0661   27.3112   30.0878   34.2198   37.3328   42.1275         0         0         0     T 4/15
55     CH3CHOOH                           6.43221   74.8379   19.7763   23.6071   27.2981    30.572   35.5022    39.156   44.3909         0         0         0     E Goos A Burcat B Ruscic Ideal gas thermochemical database with updates from active thermochemical
56     cC2H4O                            -12.5816   58.0414   11.4405   14.7161   17.9194   20.7077   24.6235   27.5419   31.7125         0         0         0     OXYRANE    L 8/88
57     cC2H3O                             39.3082   60.3498   10.9815   13.7127   16.3275   18.5591   21.5936   23.8342   27.0402         0         0         0     A 1/05
58     OCHCHO                            -50.6907   65.1176   14.4854     17.06   19.4609   21.4949   24.2419   25.9655   28.0522         0         0         0     Marshall and Glarborg, Proc. Combust. Inst. 35 (2015) 153–160
59     HOCH2O                            -40.7719   63.7501    13.074   16.0529   18.2371   19.8743   22.2277   24.0116   26.8023         0         0         0     1311
60     OCHCO                             -14.1283   67.2286   13.8175   15.5713   17.0629   18.3182   20.2322   21.5523   23.4837         0         0         0     0
61     CH3C(O)O                          -45.9023   69.1479   14.5751   17.6378   20.2689   22.5003   25.9251   28.3045   31.9214         0         0         0     1508
62     C2                                 197.608   45.5682   6.98345   7.09242    7.2596   7.45771   7.85802   8.15708   8.57912         0         0         0     singlet        T05/09
63     CH3C(O)OO                         -38.6029    75.747   18.5167   21.9848   24.9122   27.3632   31.0929     33.69   37.6265         0         0         0     1508
64     CH3C(O)OOH                         -84.103   73.8696   19.3687   23.4055   26.8264    29.703   34.1128   37.2197   42.0218         0         0         0     1508
65     C2O                                90.5478    55.832   10.3266    11.132   11.7469   12.2416    13.029   13.5625   14.4094         0         0         0     T 8/11
66     HCOH                               30.0125   53.8657   8.68274   9.71543   10.8678   11.9625   13.6625   14.9681   16.9247         0         0         0     CH**-OH cis T 9/09
67     CHCHO                              61.7635   62.8242   13.1227   15.2123   16.8936   18.2125    20.003    21.174   22.7685         0         0         0     E Goos A Burcat B Ruscic Ideal gas thermochemical database with updates from active thermochemical
68     H2CC                               98.5334   52.8199   10.2044   11.2041   12.0891   12.8661   14.1458   15.1901   16.9484         0         0         0     Vinylidene   T 7/11
