////////////////////////////////////////////////////////////////////////////////
//
//	Primary library for frequency estimation
//
////////////////////////////////////////////////////////////////////////////////

// Data for each functional group takes the form of a list characteristic
// frequency ranges; these are degeneracy-minimum-maximum triples which are 
// used to map the characteristic frequencies to the number of degrees of freedom

// No.  Label                   # HO    Harmonic oscillator frequencies                                                                                                                                                     # HR   Hindered rotor frequency-barrier pairs
1   ethane                      17       823.540   824.123   990.917  1218.016  1218.315  1410.844  1420.115  1500.636  1500.872  1503.993  1504.171  3018.969  3019.819  3062.057  3062.323  3086.967  3087.171            1       303.13    955.8
2   ethyl                       14       488.510   809.204   974.729  1057.494  1185.428  1393.234  1457.920  1474.015  1475.361  2931.798  3022.386  3065.896  3125.834  3225.632                                          1       101.56     21.93
3   acetaldehyde                14       507.683   739.728   882.556  1123.025  1137.881  1371.289  1414.044  1454.371  1460.955  1800.402  2858.993  3008.337  3062.118  3123.040                                          1       152.92    359.8
4   acetyl                      11       467.090   850.182  1016.581  1044.643  1351.572  1443.265  1450.874  1917.585  3003.317  3094.973  3097.873                                                                        1       108.6     178.47
5   methanol                    11      1038.454  1072.864  1166.861  1359.667  1476.201  1492.605  1505.578  2987.237  3034.608  3103.324  3837.391                                                                        1       278.71    404.4
6   methylhydroperoxide         13       430.636   861.466  1026.329  1178.652  1194.088  1376.115  1441.023  1452.073  1502.796  2997.222  3066.242  3099.956  3771.064                                                    2       140.5    2375.6     247.48   1025.01
7   methylperoxy                11       488.096   905.568  1118.065  1143.347  1209.615  1435.836  1468.121  1474.505  3036.421  3128.917  3143.858                                                                        1       130.14    274.79
8   C2H4JJ                      11       434.400   550.384   919.877   942.994  1128.399  1415.082  1434.285  3068.048  3073.616  3147.761  3148.958                                                                        1       435.40   4320.80
9   vinoxy                      12       442.017   504.644   755.719   970.125   973.829  1151.993  1388.779  1464.313  1539.013  2932.465  3125.573  3240.311                                                              0      
10  CH2OH                       8        502.353  1047.007  1193.348  1344.391  1473.891  3114.113  3260.093  3827.884                                                                                                      1       410.9    1614.5
11  glyoxal                     11       338.602   548.993   719.434  1053.123  1067.313  1328.132  1370.182  1790.769  1793.599  2930.547  2933.873                                                                        1       127.85   2129.4
12  formic_acid                 8        627.459  1048.125  1120.269  1287.531  1397.500  1808.687  3044.796  3722.895                                                                                                      1       629.7    4691.1
13  formylhydroperoxide         11       205.214   374.761   604.749   701.709   937.020  1087.277  1368.667  1423.338  1837.232  3032.162  3765.869                                                                        1       197.58   1071.8
14  formylperoxy                8        402.572   583.831   949.581   994.390  1142.556  1329.044  1880.835  3041.477                                                                                                      1       174.3    3143.80
15  ethylene                    12       833.348   976.454   983.051  1059.227  1240.958  1375.730  1473.842  1682.241  3116.972  3130.293  3184.687  3212.629                                                              0      
16  vinyl                       9        707.214   818.070   926.262  1043.496  1390.454  1642.874  3032.511  3126.916  3228.780                                                                                            0      
17  C2H2JJ                      6        791.679   814.484  1084.053  1621.317  3015.586  3056.153                                                                                                                          0      
18  acetylene                   7        662.378   662.379   762.340   762.344  2059.427  3394.830  3494.753                                                                                                                0      




