////////////////////////////////////////////////////////////////////////////////
//
//  /home/alongd/Code/RMG-Py/importer/NOx2018 library
//
////////////////////////////////////////////////////////////////////////////////

1      H2O2                              -32.3765   56.0494   10.1564   11.0977   12.0073   12.8166   14.0579   15.0638   16.8005         0         0         0     ATcT3E
2      OH                                 8.95925    43.912   7.14076   7.06894   7.04657   7.05793    7.1492   7.33782   7.88426         0         0         0     ATcT3E
3      H2                               -0.00103377   31.2298   6.89539   6.99612   7.00277   6.99456   7.07939   7.20036   7.73435         0         0         0     ATcT3E
4      H                                   52.102   27.4155   4.96798   4.96807   4.96811    4.9681   4.96801     4.968   4.96804         0         0         0     ATcT3E
5      O                                  59.5664   38.4916   5.23422   5.13015   5.07832   5.05173   5.01563   5.00325   4.98285         0         0         0     ATcT3E
6      H2O                               -57.8007   45.1279   8.02985   8.19007   8.41625   8.68075   9.25655   9.86622   11.2509         0         0         0     ATcT3E
7      HO2                                2.92824   54.7654   8.36372   8.91329   9.50284   10.0456   10.8594   11.5245   12.7348         0         0         0     ATcT3E
8      O2                               -0.00105318   49.0283   7.02363   7.19884   7.42876   7.66737   8.06506   8.33757   8.72543         0         0         0     ATcT3E
9      AR                               -0.000745194   37.0066   4.96797   4.96802   4.96803   4.96803   4.96798   4.96799   4.96801         0         0         0     ATcT3E
10     N2                               -0.00104413   45.7917   6.96108    6.9963   7.07399   7.19247   7.51188   7.80798   8.30984         0         0         0     ATcT3E
11     HE                               -0.000745197   30.1488   4.96797   4.96804   4.96806   4.96805   4.96799   4.96799   4.96803         0         0         0     ATcT3E
12     CO                                -26.4167   47.2384   6.96536   7.01982   7.12469    7.2701   7.62356   7.92296   8.39752         0         0         0     ATcT3E
13     CO2                               -94.0441   51.0909   8.89558     9.874   10.6681   11.3158   12.2927   12.9854   13.9191         0         0         0     ATcT3E
14     CH4                               -17.8117   44.5387   8.54836   9.70032   11.1252   12.6138   15.3212   17.6524   21.6222         0         0         0     ATcT3E
15     CH3                                34.9829   46.3628    9.1088   9.75123   10.3748   10.9727   12.0794   13.0752   14.7196         0         0         0     ATcT3E
16     CH3OH                             -47.9722   57.3238   10.5687   12.3179   14.2568    16.113    19.089   21.4711   25.0978         0         0         0     ATcT3E
17     CH                                 142.474   43.7429   6.97327    6.9863   7.02905   7.10798    7.3667   7.68018   8.46781         0         0         0     ATcT3E
18     C                                  171.339   37.7843   4.98046    4.9742   4.97219   4.97165   4.96977   4.96982   4.96915         0         0         0     ATcT3E
19     C2H6                              -20.0573   54.7635   12.5935   15.5738   18.5878    21.381   25.9007   29.5509   35.2026         0         0         0     ATcT3E
20     C2H5                               28.6447   58.0642   12.1571    14.651   17.1282    19.386   22.9549    25.825   30.1686         0         0         0     ATcT3E
21     C2H4                               12.5331   52.4126   10.2902   12.6008   14.8933   16.9466   20.0486   22.5288   26.1897         0         0         0     ATcT3E
22     C2H                                135.767   50.9723   10.0478   10.5401   10.8828   11.1904   11.9017    12.564   13.8784         0         0         0     Ethynyl Rad   T 5/10
23     CH3O                               5.14379   55.9887   10.2007   12.0516   13.8626   15.4699   17.8627   19.6994   22.2503         0         0         0     ATcT3E
24     CH2OH                             -3.96202   58.3523   11.3553   12.7915   14.1598   15.3496   17.0868   18.4606   20.6486         0         0         0     ATcT3E
25     CH2O                              -26.0978   52.2833   8.47118   9.36502   10.4385   11.5241   13.3745   14.8283   16.9607         0         0         0     ATcT3E
26     C2H3                               70.9619   55.8464   10.2736    12.056    13.719   15.1623   17.3214   19.0611   21.7039         0         0         0     ATcT3E
27     HCO                                9.98992   53.6048   8.27744   8.75226   9.28844   9.83818   10.8509   11.6633   12.9492         0         0         0     ATcT3E
28     C2H2                               54.5572   48.0172   10.5574   12.0358   13.0947   13.8996   15.1735   16.2395   18.1502         0         0         0     ATcT3E
29     CH2CHOO                            25.6494   69.3468   16.5004   19.5791    22.094   24.1388   27.1487   29.1804   32.3758         0         0         0     0
30     CH2(S)                              102.54   45.2505   8.10671   8.36426   8.70667   9.09864   9.93013   10.7365   12.2545         0         0         0     ATcT3E
31     CH2CHOOH                          -8.80007   64.3814   18.6697    21.813   24.4677   26.7004   30.1399   32.5577   36.1227         0         0         0     0
32     CH2                                93.5735   46.5731     8.531   8.98898   9.45348   9.91322   10.8198   11.8044   14.0596         0         0         0     (t)           ATcT3E
33     CH2CHO                             3.04611   61.8524   12.5707   15.0369   17.2514   19.1396   21.9364   24.0226   27.1311         0         0         0     Vinyl-  T04/06
34     HOCO                              -44.3307   60.0724   10.6904   12.0105   13.1238   14.0373   15.3549   16.2671   17.7003         0         0         0     FAB/JAN05
35     CH3CHO                            -39.7222   63.0791   13.2663    15.782   18.2921    20.582   24.1671   26.9139   30.9598         0         0         0     L 8/88
36     CH2CHOH                           -29.8022   65.5239   15.7645   18.8803   21.5427   23.7401   26.9384   29.3618    33.059         0         0         0     T03/10
37     CH3CH2O                           -2.74366    65.139   15.2326   18.5324   21.5754    24.226   28.2586   31.3478   35.9635         0         0         0     T06/11
38     CH3CHOH                           -13.2161   69.0624   15.3602   18.3068   21.0673   23.4871    27.165   30.0212   34.5239         0         0         0     T06/11
39     CHCHOH                             32.2058   62.8182   14.6479   17.7808   19.9994   21.5825   23.6455   24.9529   27.0044         0         0         0     E Goos A Burcat B Ruscic Ideal gas thermochemical database with updates from active thermochemical
40     CH3CH2OH                          -56.1565   67.0551   15.6747   19.3115   22.8403   25.9588   30.5948    34.156   39.5304         0         0         0     L 8/88
41     HCCOH                              22.2978   59.6354   13.8005   15.4452   16.6728   17.6402    19.187    20.398   22.4318         0         0         0     Ethynol   T12/09
42     CH2CH2OH                          -6.17355   71.1266   16.3935   19.3401   22.0381   24.3765   27.9273   30.6923   34.9983         0         0         0     T05/11
43     CH3CO                             -2.46358   63.9155    12.176   14.2684   16.2993    18.129   20.9908   23.1956   26.3429         0         0         0     RADICAL    IU2/03
44     HOCHO                             -90.4973   59.0647   9.90066   11.5053   13.0899   14.4988   16.5746   18.1192   20.3934         0         0         0     FORMIC ACID A 5/14
45     CH2CO                             -11.6125   60.0895   12.4029   14.2019   15.6774   16.8974   18.7963   20.2519   22.4855         0         0         0     g 4/02
46     OCHO                              -30.4517   61.2791   11.6514   12.8842   13.9665    14.894   16.3054    17.237   18.5191         0         0         0     1104
47     HCCO                               42.6127   58.8868   11.9729   13.2699   14.2068   14.9303   16.0825   16.9346   18.2688         0         0         0     T 4/09
48     CH3CH2OO                           -6.8627   73.8424    18.274   22.1459   25.7086   28.7533   33.1397   36.3775   41.0319         0         0         0     E Goos A Burcat B Ruscic Ideal gas thermochemical database with updates from active thermochemical
49     HOCH2CH2OO                        -40.3416   77.8717   20.7701   25.4808   29.4663   32.8301   38.0601   41.8101   47.5302         0         0         0     J Gimenez CL Rasmussen MU Alzueta P Marshall P Glarborg Proc. Combust. Inst. 32 (2009) 367-375
50     CH3CH2OOH                         -38.7407   75.4534    19.382   23.7862   27.8021   31.2121   36.0865   39.6375   44.8355         0         0         0     T02/10
51     OCHCHO                            -50.6907   65.1176   14.4854     17.06   19.4609   21.4949   24.2419   25.9655   28.0522         0         0         0     S Olivella A Sole J Phys Chem A 108 (2004) 11651–11663
52     CH3CHOOH                           6.43221   74.8379   19.7763   23.6071   27.2981    30.572   35.5022    39.156   44.3909         0         0         0     E Goos A Burcat B Ruscic Ideal gas thermochemical database with updates from active thermochemical
53     OCHCO                             -14.1283   67.2286   13.8175   15.5713   17.0629   18.3182   20.2322   21.5523   23.4837         0         0         0     0
54     CH3OO                              3.05822     64.46   11.9081   14.0073   15.9847   17.7817   20.7211   22.8373   26.1495         0         0         0     H. Hashemi, et al., High-Pressure Oxidation of Natural Gas: Methane, 2016
55     HOCH2O                            -40.7719   63.7501    13.074   16.0529   18.2371   19.8743   22.2277   24.0116   26.8023         0         0         0     1311
56     CH3OOH                            -30.5122   67.1347   14.4874   16.9861   19.2192   21.1785   24.3099   26.5823   30.2716         0         0         0     Marshall and Glarborg, Proc. Combust. Inst. 35 (2015) 153–160
57     cC2H3O                             39.3082   60.3498   10.9815   13.7127   16.3275   18.5591   21.5936   23.8342   27.0402         0         0         0     A 1/05
58     CH2OOH                             15.7844   65.8874   14.9354   17.1619   19.3456   21.2864   24.1664   26.3138   29.4252         0         0         0     Aranda, V., et al., Int. J. Chemical Kinet. 45.5 (2013) 283-294.
59     cC2H4O                            -12.5816   58.0414   11.4405   14.7161   17.9194   20.7077   24.6235   27.5419   31.7125         0         0         0     OXYRANE    L 8/88
60     CH2CH2OOH                          11.8379   72.2468    20.469   24.0661   27.3112   30.0878   34.2198   37.3328   42.1275         0         0         0     T 4/15
61     C2                                 198.056   47.6346   10.3121   9.74643   8.97666   8.43656   8.51679    8.4027    8.9135         0         0         0     ATcT3E
62     CH3C(O)OO                         -38.6029    75.747   18.5167   21.9848   24.9122   27.3632   31.0929     33.69   37.6265         0         0         0     1508
63     C2O                                90.5478    55.832   10.3266    11.132   11.7469   12.2416    13.029   13.5625   14.4094         0         0         0     T 8/11
64     HCOH                               30.0125   53.8657   8.68274   9.71543   10.8678   11.9625   13.6625   14.9681   16.9247         0         0         0     CH**-OH cis T 9/09
65     NO                                 21.7774   50.3657   7.13663   7.16848   7.29057   7.46205   7.83208    8.1212   8.53526         0         0         0     ATcT3E
66     NH3                               -10.8889   46.0686   8.52746   9.23754   10.0281   10.8157   12.2179   13.4579    15.757         0         0         0     ATcT3E
67     NH2                                44.4574   46.5705   8.04856   8.24557   8.50663    8.8124   9.49478   10.1943   11.6173         0         0         0     ATcT3E
68     NH                                  85.748   43.3129   6.96634   6.97247   6.99507    7.0431   7.22344   7.47373   8.06589         0         0         0     ATcT3E
69     N                                  112.915   36.6373   4.96798   4.96808   4.96812   4.96811     4.968     4.968   4.97234         0         0         0     ATcT3E
70     NNH                                59.7044   53.6541   8.21801   8.62246   9.10899   9.61335   10.5238   11.2605   12.3658         0         0         0     T 1/06
71     N2H4                               22.7467   56.9886   11.6141   13.7529   15.7854   17.5511   20.1247    22.129    25.371         0         0         0     HYDRAZINE    L 5/90
72     N2H3                               53.7401    56.589   10.1861   11.7795   13.2979   14.6436   16.7146   18.3644   21.1088         0         0         0     Rad.       T 7/11
73     HNO                                25.5624   52.7832   8.08882   8.45914   8.96132    9.5084   10.5262   11.3633   13.3031         0         0         0     ATcT3E
74     NO2                                8.13657   57.3966   8.89984   9.67767   10.4292   11.0907   12.0487   12.6824   13.4447         0         0         0     ATcT3E
75     N2H2                                47.852   52.1784   8.38845   9.25017   10.3246   11.4403   13.4316   15.1389   18.3135         0         0         0     equil & transT 9/11
76     HONO                              -18.8054   60.6978   11.0832   12.3941   13.5017   14.4017   15.6668   16.5751   17.8669         0         0         0     ATcT3E
77     HNO2                              -10.5559   57.0183   9.27474   10.5452   11.8334   12.9971   14.7281   15.9807   17.6299         0         0         0     ATcT3E
78     NO3                                17.7149   61.7524   12.2814   13.7287   14.9356   15.9068   17.2353   18.0472   19.1156         0         0         0     ATcT3E
79     C2H5NO2                           -25.8088   76.4904   19.3414   23.7159   27.7954   31.3491   36.6431    40.501   45.8691         0         0         0     NitroEth  T06/10
80     CH2CH2NO2                          26.1279   77.8039   20.4271   24.6354   28.1365    31.037   35.4252   38.5028   43.2263         0         0         0     0
81     CH3CH2ONO                         -24.1853   80.2988   18.9714   23.5023   27.6517   31.2371   36.5815   40.4575   45.8478         0         0         0     T04/98
82     HONO2                             -32.0751   63.7784   12.9784   15.3199   17.2153   18.7051   20.7058    21.949   23.3354         0         0         0     ATcT3E
83     CH3CHNO2                           15.2389   77.9839   19.8213   24.1224   27.7343   30.7447   35.3031   38.4674   43.2645         0         0         0     0
84     CH3ONO2                           -29.1626   73.0766   18.3735   21.8335   24.9317    27.576   31.4785   34.1802   37.5694         0         0         0     T05/98
85     CH3CH2ONO2                        -37.0432   78.5883    22.832   28.1701   32.9703    37.047    42.962   47.1257   52.5671         0         0         0     T05/98
86     CH3NO2                            -19.3019   65.4158   13.3273   16.3732    19.277   21.8339   25.6372   28.3446   31.9872         0         0         0     T01/00
87     CH2NO2                             30.6858   68.9656   14.0741   16.6451   18.8207   20.5846    23.034   24.7533   27.1949         0         0         0     RADICAL  T08/07
88     HNOH                               24.1142   55.8057   9.15781   10.2404   11.3168   12.2772    13.705   14.8273   16.6692         0         0         0     trans & Equ  T11/11
89     CH3ONO                            -15.6428   72.3891   15.5483    17.748    19.955   21.9785   25.1558   27.5253   30.9475         0         0         0     A 5/05
90     CH3NO                              16.9101   62.4741   12.1758    14.069   16.0185   17.8201   20.6383   22.7924   26.0172         0         0         0     NitrosomethyT12/09
91     C2H5NO                             10.0807   70.4358   17.3151   21.3499   24.9088   28.0076   32.9469   36.5294    42.086         0         0         0     0
92     CH2NO                              53.5182    58.466   10.1684   12.2831   14.3383   16.1044   18.4995   20.2251   22.5722         0         0         0     H2C*N=O     T 9/96
93     CH3CHNO                              27.59   68.9987   16.5932   20.0233   23.0407   25.6609   29.8206   32.8218   37.4492         0         0         0     0
94     HCNO                                 40.08   53.7761   11.6499   13.2367   14.3429   15.1602   16.4011   17.3172   18.7285         0         0         0     Fulminic AcidA 5/05
95     HNCO                              -28.3477   56.9411   10.8012   12.1141   13.1522   13.9792   15.2104   16.1439   17.5888         0         0         0     Isocyanic AciA 5/05
96     NCO                                30.6007    55.499   9.57543   10.4517   11.1718   11.7705   12.6927   13.2963   14.0459         0         0         0     (NCO)        A 5/05
97     H2NN                               71.9243   52.1357   8.55696    9.4147   10.4217   11.4403   13.2106   14.6223   16.7668         0         0         0     Isodiazene   T 9/11
98     H2NO                               15.8375   54.5025   9.42823   10.3436   11.2673   12.1341   13.5795   14.7309    16.647         0         0         0     RADICAL     T09/09
99     HON                                51.2815    55.207   8.43782   9.03759   9.64685   10.1806   10.9167   11.5075   12.4466         0         0         0     ATcT3E
100    N2O                                19.7331   52.5778    9.2525   10.2137   10.9704   11.5842   12.5373   13.1977   14.1092         0         0         0     ATcT3E
101    CN                                 105.165   48.4293   6.96912   7.03722   7.15927   7.32023   7.68976   7.98971    8.4859         0         0         0     ATcT3E
102    HCN                                30.8962   48.2318   8.58678   9.37318   9.98121   10.4783   11.3099   12.0095   13.1995         0         0         0     ATcT3E
103    HOCN                              -3.69568   57.6528   11.0295   12.2049   13.1693   13.9648    15.191   16.1172   17.5654         0         0         0     Cyanic Acid  A 5/05
104    HCNH                               65.1489   54.7316   9.11975   10.2811   11.4426    12.479   14.0112   15.2149   17.0516         0         0         0     H*C=NH TransT11/11
105    H2CN                               57.0177   53.6059   9.04554   10.1321   11.2437   12.2665   13.8681    15.136   17.0499         0         0         0     H2C=N*      T 11/1
106    CH2NH                              21.8509   55.9411   9.46761    10.945   12.4247   13.8634   16.4839   18.6177   21.7239         0         0         0     MELIUS 88
107    CH3CHN                              47.689   64.3595   13.6803   16.2175   18.5684   20.6953   24.2172   26.8407   30.9917         0         0         0     1106
108    CH3CH2NH                           36.7083   68.5321   16.5328   20.0488   23.1957   25.9818   30.5502    34.002   39.5952         0         0         0     1104
109    CH3CHNH                            12.2382   63.4174   13.8938   16.9942   19.8973   22.5393   26.9206   30.1714    35.353         0         0         0     1104
110    CH3CN                               17.694   58.1356   12.5262    14.607   16.6003   18.4032   21.2944   23.5333      26.9         0         0         0     Methyl-Cya  T01/03
111    CH2CHNH                             48.939   62.1905   13.4822   16.7477    19.486   21.7754    25.293   27.8208   31.8577         0         0         0     1104
112    CH3CNH                             53.5491   64.5785   13.6223   16.3517   18.8189   20.9952   24.4598   26.9118   30.6736         0         0         0     1106
113    CH2CNH                              44.699   59.7547   13.1348    15.663   17.7128   19.3911   21.9717   23.9024   27.0628         0         0         0     1107
114    CH2CN                              61.6078    61.137   13.0239   14.7456   16.1663   17.3506   19.2111    20.611   22.7255         0         0         0     Radical     T01/03
115    CHCNH                              94.2099   60.9882   14.0201   15.6386   16.8987   17.9004    19.427   20.6116   22.6211         0         0         0     1107
116    CH3NH                              42.6741   56.1207   11.1258   13.0998   15.1446   17.0417   20.0367    22.404   26.0952         0         0         0     radical     T03/10
117    CH3NCH                             53.5491   64.5785   13.6223   16.3517   18.8189   20.9952   24.4598   26.9118   30.6736         0         0         0     1106
118    CH2CHN                             85.4199   62.5329   12.8598   15.5927   17.8432   19.6972   22.5114   24.5319    27.756         0         0         0     1110
119    CHCNH2                             55.5291   57.8704   13.6525   15.8215   17.5312   18.9116   21.0693   22.7919   25.7945         0         0         0     1107
120    CH2CHNH2                           9.42791   62.4036   15.3453   18.9958   21.9683   24.4049   28.1331   30.8956   35.4964         0         0         0     1104
121    CH2CHN(S)                           100.42   62.5329   12.8598   15.5927   17.8432   19.6972   22.5114   24.5319    27.756         0         0         0     1110
122    CH3NCH2                            17.2983   62.6642   14.0995   17.2153   20.1101   22.7366   27.1046    30.375   35.5502         0         0         0     1104
123    c-C2H3N                            64.1797   58.8006   11.1761   13.9636   16.3538   18.3804   21.5017   23.6942   27.0948         0         0         0     1110
124    NCNOH                                52.35     30.63   4.98736   5.17247   5.61638   6.11782   6.84589   7.17173   8.13643         0         0         0     Thermo group additivity estimation: group(N3s-CsHH) + radical(NHJ_C)
125    H2NCO                             -3.22685   62.5258   12.4932   14.0445   15.4151   16.5993   18.4571   19.8596   22.1001         0         0         0     H2N-C*=O  T09/09
126    CH2NCH2                             53.719   61.4951   14.2605    17.413   20.1214   22.4297   26.0298   28.5992   32.4718         0         0         0     1104
127    HNC                                45.9799   49.1221   9.64534    10.227   10.6115   10.9222   11.5555   12.0733   13.0894         0         0         0     ATcT3E
128    CH2NH2                             35.5485   58.0246   11.7076   13.8703   15.8477   17.5664   20.2112    22.327   25.8386         0         0         0     T 8/11
129    CH3NHCH2                           36.2182   66.9168   17.1686   20.6999   23.7828   26.4643   30.8106   34.1087   39.5388         0         0         0     1104
130    NCNO                                 76.78     64.55   13.1732   14.2986   15.1523   15.8405   16.9485   17.7622   18.7118         0         0         0     thermo_DFT_CCSDTF12_BAC
131    CH3NCH3                            37.6285   70.1978   15.3064   18.5482   21.7239   24.7005   29.7461   33.5061    39.453         0         0         0     1104
132    NCN                                107.741   53.9135   9.88535   10.7814   11.5167    12.113   12.9612   13.4445   13.9599         0         0         0     ATcT3E
133    HNCN                                75.485   59.0962   11.1756   12.3768   13.3806   14.2153   15.4872   16.4065   17.7796         0         0         0     Cyanamide    T03/10
134    HNCNH                              35.7132   57.4258   12.5145   14.5852   16.1639   17.3632    18.996   20.0725   21.9441         0         0         0     62790
135    H2CC                               98.5161   53.6648   10.7818   11.7082   12.5442   13.2908   14.5442   15.5768   17.2551         0         0         0     ATcT3E
136    CHCHO                              61.7635   62.8242   13.1227   15.2123   16.8936   18.2125    20.003    21.174   22.7685         0         0         0     E Goos A Burcat B Ruscic Ideal gas thermochemical database with updates from active thermochemical
137    NH2OH                             -10.5059   56.4429   11.1383    12.769   14.2415   15.5108   17.4695   19.1263   22.0738         0         0         0     ATcT/A
138    NCCN                               73.9173   57.8811    13.671    14.877   15.7051   16.3532   17.5105    18.366   19.6484         0         0         0     Dicyanogen   ATcT/A
139    CH2CHNO                            39.4995   65.8186   15.1691   18.3936   21.0915   23.3359   26.7397   29.1217   32.7718         0         0         0     0
140    CHCHNO                             100.378    67.353   15.6537   18.2471   20.3067   21.9443   24.3222   25.9597   28.4478         0         0         0     0
141    CH3NH2                            -4.63372   55.4193   11.6308   13.9673   16.3913   18.6596   22.3119    25.206   29.7394         0         0         0     T09/09
142    CH3CH2NH2                         -11.9728   66.9578   17.1867   21.3339   24.9792   28.1694   33.3765   37.3483   43.8809         0         0         0     1104
143    CH2CH2NH2                          38.1683   69.4019   17.0503   20.6174   23.6847   26.3261   30.5901   33.8542   39.3032         0         0         0     1104
144    CH3CHNH2                            28.058   68.6968   17.2582   20.7658   23.8063   26.4405   30.7111    33.977   39.4014         0         0         0     1104
145    CH2CNH2                             64.239   65.9845   15.6196   18.2386   20.4243   22.2685   25.2162   27.4849   31.1256         0         0         0     1107
146    CHCHNH2                            74.7293   63.5028   14.9897   17.9901   20.4335   22.4399   25.5282   27.8383   31.6871         0         0         0     1104
147    H2NCHO                            -45.3165   59.2045   11.4263   13.8224   16.0881    18.071   21.0262   23.2555   26.7289         0         0         0     O=CH-NH2   T12/09
148    CH3NHCH3                           -4.5726    65.522    16.773   20.8773   24.5893   27.8989   33.3482   37.4568    44.089         0         0         0     1104
